M1	Pi	M2	MWD	Pf	N
1.15	72.5569117903113	0.2274000000000001	0.3424602661811502	0.058145818485697054	325
1.15	72.5569117903113	0.2372000000000001	0.3424602677324566	0.05814581855187735	329
1.15	82.12421174908303	0.2274000000000001	0.34369593054726744	0.05819853317340171	331
1.15	82.12421174908303	0.2372000000000001	0.343695935140602	0.05819853336935799	335
1.15	92.95304870333275	0.2274000000000001	0.34355682940177773	0.058192598978287796	337
1.15	92.95304870333275	0.2372000000000001	0.3435568331644993	0.058192599138809295	341
1.15	105.20976797491912	0.2274000000000001	0.3419737225756662	0.05812506204493444	343
1.15	105.20976797491912	0.2372000000000001	0.34197372380611074	0.05812506209742645	348
1.2000000000000002	118.34336712420816	0.2251851851851852	0.393500018972293	0.04089041141133774	313
1.2000000000000002	118.34336712420816	0.2348148148148149	0.39350001831077236	0.04089041200311673	317
1.2000000000000002	118.34336712420816	0.2444444444444445	0.3935000179677616	0.040890412309965166	321
1.2000000000000002	118.34336712420816	0.2540740740740741	0.3935000179432608	0.04089041233188292	324
1.2000000000000002	133.90633321208531	0.2251851851851852	0.39218199472625	0.042069481285355086	319
1.2000000000000002	133.90633321208531	0.2348148148148149	0.39218199293269584	0.042069482889821486	323
1.2000000000000002	133.90633321208531	0.2444444444444445	0.3921819920027032	0.0420694837217685	326
1.2000000000000002	133.90633321208531	0.2540740740740741	0.3921819919362751	0.04206948378119332	330
1.2000000000000002	151.51593629651003	0.2251851851851852	0.3921330690504329	0.0421132489099607	324
1.2000000000000002	151.51593629651003	0.2348148148148149	0.392133067135219	0.042113250623260726	328
1.2000000000000002	151.51593629651003	0.2444444444444445	0.3921330661421431	0.042113251511640304	332
1.2000000000000002	151.51593629651003	0.2540740740740741	0.39213306607120907	0.04211325157509604	336
1.2000000000000002	171.4413232079764	0.2251851851851852	0.39382054874281913	0.04060367389699557	329
1.2000000000000002	171.4413232079764	0.2348148148148149	0.39382054816932593	0.040603674410027546	333
1.2000000000000002	171.4413232079764	0.2444444444444445	0.393820547871959	0.04060367467604417	337
1.2000000000000002	171.4413232079764	0.2540740740740741	0.3938205478507185	0.04060367469504536	341
1.2500000000000002	117.6692725248898	0.2276785714285714	0.3935570960306581	0.04083935177399201	283
1.2500000000000002	117.6692725248898	0.2375	0.39355709545893736	0.04083935228543836	287
1.2500000000000002	117.6692725248898	0.2473214285714285	0.3935570952097257	0.04083935250837656	290
1.2500000000000002	117.6692725248898	0.2571428571428571	0.39355709528302324	0.040839352442806495	293
1.2500000000000002	117.6692725248898	0.2669642857142856	0.39355709567882996	0.04083935208872821	297
1.2500000000000002	133.10556766006692	0.2276785714285714	0.3922497763932439	0.04200884558627509	288
1.2500000000000002	133.10556766006692	0.2375	0.39224977492960006	0.04200884689561242	291
1.2500000000000002	133.10556766006692	0.2473214285714285	0.3922497742916007	0.04200884746634992	295
1.2500000000000002	133.10556766006692	0.2571428571428571	0.3922497744792476	0.042008847298485905	298
1.2500000000000002	133.10556766006692	0.2669642857142856	0.3922497754925403	0.04200884639202087	302
1.2500000000000002	150.56685370737782	0.2276785714285714	0.39205265354082064	0.04218518651283269	293
1.2500000000000002	150.56685370737782	0.2375	0.39205265162697683	0.04218518822490713	296
1.2500000000000002	150.56685370737782	0.2473214285714285	0.3920526507927354	0.04218518897119759	300
1.2500000000000002	150.56685370737782	0.2571428571428571	0.3920526510381006	0.0421851887517003	303
1.2500000000000002	150.56685370737782	0.2669642857142856	0.3920526523630713	0.04218518756641636	307
1.2500000000000002	170.31877654611628	0.2276785714285714	0.3937254670991712	0.04068873143818562	298
1.2500000000000002	170.31877654611628	0.2375	0.39372546656905577	0.04068873191241301	301
1.2500000000000002	170.31877654611628	0.2473214285714285	0.3937254663379797	0.040688732119127546	305
1.2500000000000002	170.31877654611628	0.2571428571428571	0.39372546640594325	0.04068873205832915	308
1.2500000000000002	170.31877654611628	0.2669642857142856	0.39372546677294634	0.040688731730017844	312
1.2500000000000002	192.661830475272	0.2276785714285714	0.3956177382264548	0.03899595538618868	302
1.2500000000000002	192.661830475272	0.2375	0.39561773793484	0.03899595564705963	306
1.2500000000000002	192.661830475272	0.2473214285714285	0.39561773780772586	0.03899595576077262	310
1.2500000000000002	192.661830475272	0.2571428571428571	0.39561773784511234	0.03899595572732762	313
1.2500000000000002	192.661830475272	0.2669642857142856	0.39561773804699957	0.038995955546724644	317
1.3	117.05438758190677	0.2256666666666668	0.39360916769092424	0.040792769834324186	257
1.3	117.05438758190677	0.2353333333333334	0.3936091670756219	0.04079277038475755	260
1.3	117.05438758190677	0.2450000000000001	0.3936091667653411	0.04079277066232657	263
1.3	117.05438758190677	0.2546666666666668	0.3936091667600821	0.04079277066703113	266
1.3	117.05438758190677	0.2643333333333335	0.3936091670598449	0.04079277039887123	269
1.3	117.05438758190677	0.2740000000000001	0.3936091676646293	0.040792769857846974	272
1.3	117.05438758190677	0.2836666666666668	0.38371376660204126	0.07944084626956847	274
1.3	132.37533798555577	0.2256666666666668	0.3923116103792829	0.04195353052636787	261
1.3	132.37533798555577	0.2353333333333334	0.39231160887670585	0.04195353187053387	264
1.3	132.37533798555577	0.2450000000000001	0.39231160811899507	0.041953532548362024	267
1.3	132.37533798555577	0.2546666666666668	0.3923116081061525	0.04195353255985064	270
1.3	132.37533798555577	0.2643333333333335	0.39231160883817817	0.041953531904999695	273
1.3	132.37533798555577	0.2740000000000001	0.3923116103150703	0.041953530583810815	276
1.3	132.37533798555577	0.2836666666666668	0.38303222547431687	0.078195654525077	279
1.3	149.70160853243186	0.2256666666666668	0.3919793613414013	0.042250751789492225	265
1.3	149.70160853243186	0.2353333333333334	0.39197935895923736	0.04225075392051358	269
1.3	149.70160853243186	0.2450000000000001	0.3919793577579714	0.042250754995134567	272
1.3	149.70160853243186	0.2546666666666668	0.3919793577376109	0.042250755013348504	275
1.3	149.70160853243186	0.2643333333333335	0.3919793588981561	0.042250753975155264	278
1.3	149.70160853243186	0.2740000000000001	0.39197936123959964	0.042250751880561335	281
1.3	149.70160853243186	0.2836666666666668	0.3828577115891661	0.07787681353331712	283
1.3	169.29567046425822	0.2256666666666668	0.3936388147203873	0.04076624838041397	270
1.3	169.29567046425822	0.2353333333333334	0.39363881411327606	0.04076624892351976	273
1.3	169.29567046425822	0.2450000000000001	0.39363881380712584	0.040766249197393675	276
1.3	169.29567046425822	0.2546666666666668	0.3936388138019369	0.04076624920203561	279
1.3	169.29567046425822	0.2643333333333335	0.39363881409770907	0.04076624893744555	282
1.3	169.29567046425822	0.2740000000000001	0.3936388146944424	0.04076624840362362	285
1.3	169.29567046425822	0.2836666666666668	0.38372933867936454	0.0794692968227908	288
1.3	191.45434921451425	0.2256666666666668	0.3955154724387066	0.03908743967400703	274
1.3	191.45434921451425	0.2353333333333334	0.3955154721092336	0.03908743996874495	277
1.3	191.45434921451425	0.2450000000000001	0.39551547194308906	0.03908744011737348	280
1.3	191.45434921451425	0.2546666666666668	0.39551547194027303	0.039087440119892604	284
1.3	191.45434921451425	0.2643333333333335	0.3955154721007856	0.03908743997630233	287
1.3	191.45434921451425	0.2740000000000001	0.39551547242462654	0.03908743968660267	290
1.3	191.45434921451425	0.2836666666666668	0.3847150514604292	0.08127021736520848	293
1.35	116.49405208816545	0.2334375	0.3936566269724175	0.04075031400756744	237
1.35	116.49405208816545	0.24296875	0.39365662661315326	0.04075031432895579	240
1.35	116.49405208816545	0.2524999999999999	0.3936566265441555	0.04075031439067939	243
1.35	116.49405208816545	0.26203125	0.39365662676542423	0.0407503141927382	245
1.35	116.49405208816545	0.2715625	0.3936566272769593	0.040750313735132326	248
1.35	116.49405208816545	0.2810937499999999	0.383738694892491	0.07948639084525083	250
1.35	116.49405208816545	0.290625	0.3837386946662971	0.07948639043198927	252
1.35	116.49405208816545	0.30015625	0.3837386945925654	0.07948639029727968	255
1.35	131.710057535919	0.2334375	0.3923679622168411	0.041903119652508855	241
1.35	131.710057535919	0.24296875	0.3923679613733862	0.04190312040704149	244
1.35	131.710057535919	0.2524999999999999	0.39236796121139805	0.041903120551951806	246
1.35	131.710057535919	0.26203125	0.3923679617308771	0.041903120087239495	249
1.35	131.710057535919	0.2715625	0.39236796293182225	0.041903119012905554	252
1.35	131.710057535919	0.2810937499999999	0.3830618250674413	0.07824973368112428	254
1.35	131.710057535919	0.290625	0.38306182453639953	0.07824973271089844	257
1.35	131.710057535919	0.30015625	0.3830618243632974	0.07824973239463676	259
1.35	148.91351914676355	0.2334375	0.39191263276581606	0.04231044542065639	245
1.35	148.91351914676355	0.24296875	0.3919126311555575	0.04231044686115139	248
1.35	148.91351914676355	0.2524999999999999	0.39191263084630196	0.04231044713780327	250
1.35	148.91351914676355	0.26203125	0.3919126318380518	0.042310446250609896	253
1.35	148.91351914676355	0.2715625	0.39191263413079935	0.042310444199578155	256
1.35	148.91351914676355	0.2810937499999999	0.38282266386165603	0.07781278050701321	258
1.35	148.91351914676355	0.290625	0.38282266284783306	0.07781277865473468	261
1.35	148.91351914676355	0.30015625	0.3828226625173595	0.07781277805095176	263
1.35	168.3640308077919	0.2334375	0.3935599161690596	0.04083682895224594	249
1.35	168.3640308077919	0.24296875	0.39355991579362093	0.04083682928810349	252
1.35	168.3640308077919	0.2524999999999999	0.39355991572151683	0.04083682935260594	254
1.35	168.3640308077919	0.26203125	0.39355991595274725	0.04083682914575326	257
1.35	168.3640308077919	0.2715625	0.39355991648731214	0.04083682866754554	260
1.35	168.3640308077919	0.2810937499999999	0.38368789763951183	0.07939358306376935	262
1.35	168.3640308077919	0.290625	0.3836878974031345	0.07939358263190235	265
1.35	168.3640308077919	0.30015625	0.3836878973260833	0.07939358249112802	267
1.35	190.3550935621224	0.2334375	0.39542237647386774	0.03917072087908627	253
1.35	190.3550935621224	0.24296875	0.3954223762727774	0.0391707210589764	256
1.35	190.3550935621224	0.2524999999999999	0.3954223762341574	0.03917072109352484	258
1.35	190.3550935621224	0.26203125	0.3954223763580077	0.039170720982731576	261
1.35	190.3550935621224	0.2715625	0.3954223766443284	0.03917072072659663	264
1.35	190.3550935621224	0.2810937499999999	0.38466615308313645	0.08118087887447457	266
1.35	190.3550935621224	0.290625	0.38466615295652934	0.08118087864316041	269
1.35	190.3550935621224	0.30015625	0.38466615291525963	0.08118087856775966	271
1.4	115.98311311086364	0.2260606060606059	0.3936999114485052	0.04071159285207973	215
1.4	115.98311311086364	0.2357575757575756	0.39369991086818784	0.040711593371216395	218
1.4	115.98311311086364	0.2454545454545453	0.39369991058263476	0.04071159362666465	220
1.4	115.98311311086364	0.255151515151515	0.39369991059184617	0.04071159361842438	222
1.4	115.98311311086364	0.2648484848484847	0.39369991089582196	0.0407115933464956	225
1.4	115.98311311086364	0.2745454545454544	0.3936999114945621	0.04071159281087841	227
1.4	115.98311311086364	0.284242424242424	0.383761429684631	0.07952792784769118	229
1.4	115.98311311086364	0.2939393939393938	0.3837614295104532	0.07952792752946419	232
1.4	115.98311311086364	0.3036363636363634	0.3837614294911001	0.07952792749410563	234
1.4	115.98311311086364	0.3133333333333331	0.3837614296265718	0.07952792774161553	236
1.4	131.10356448088388	0.2260606060606059	0.392419354427893	0.04185714553026314	218
1.4	131.10356448088388	0.2357575757575756	0.3924193531100273	0.04185714670919121	221
1.4	131.10356448088388	0.2454545454545453	0.392419352461553	0.041857147289299235	224
1.4	131.10356448088388	0.255151515151515	0.39241935248247156	0.041857147270586065	226
1.4	131.10356448088388	0.2648484848484847	0.3924193531727828	0.04185714665305174	228
1.4	131.10356448088388	0.2745454545454544	0.39241935453248544	0.04185714543669749	231
1.4	131.10356448088388	0.284242424242424	0.3830888180056953	0.07829905041713062	233
1.4	131.10356448088388	0.2939393939393938	0.3830888176101477	0.07829904969445581	235
1.4	131.10356448088388	0.3036363636363634	0.3830888175661979	0.07829904961415857	237
1.4	131.10356448088388	0.3133333333333331	0.3830888178738461	0.07829905017623907	240
1.4	148.19523427659504	0.2260606060606059	0.3918518662406703	0.04236480555808417	222
1.4	148.19523427659504	0.2357575757575756	0.39185186322339277	0.04236480825726142	224
1.4	148.19523427659504	0.2454545454545453	0.3918518617386931	0.0423648095854348	227
1.4	148.19523427659504	0.255151515151515	0.39185186178658665	0.04236480954259043	230
1.4	148.19523427659504	0.2648484848484847	0.3918518633670731	0.042364808128728754	232
1.4	148.19523427659504	0.2745454545454544	0.3918518664801359	0.042364805343864546	234
1.4	148.19523427659504	0.284242424242424	0.38279074460005946	0.07775446326185592	237
1.4	148.19523427659504	0.2939393939393938	0.3827907436944427	0.0777544616072727	239
1.4	148.19523427659504	0.3036363636363634	0.3827907435938184	0.07775446142342972	241
1.4	148.19523427659504	0.3133333333333331	0.3827907442981876	0.0777544627103289	243
1.4	167.51510570482716	0.2260606060606059	0.3934880328144624	0.04090113391332944	225
1.4	167.51510570482716	0.2357575757575756	0.39348803217492423	0.04090113448544344	228
1.4	167.51510570482716	0.2454545454545453	0.3934880318602308	0.04090113476695992	231
1.4	167.51510570482716	0.255151515151515	0.3934880318703822	0.04090113475787874	233
1.4	167.51510570482716	0.2648484848484847	0.3934880322053784	0.040901134458199914	236
1.4	167.51510570482716	0.2745454545454544	0.39348803286521933	0.04090113386792357	238
1.4	167.51510570482716	0.284242424242424	0.38365014060931574	0.07932460007744002	240
1.4	167.51510570482716	0.2939393939393938	0.3836501404173633	0.07932459972673829	243
1.4	167.51510570482716	0.3036363636363634	0.3836501403960352	0.07932459968777143	245
1.4	167.51510570482716	0.3133333333333331	0.3836501405453316	0.07932459996053945	247
1.4	189.3536642813032	0.2260606060606059	0.395337570814181	0.0392465857949123	229
1.4	189.3536642813032	0.2357575757575756	0.3953375704759458	0.03924658609748865	231
1.4	189.3536642813032	0.2454545454545453	0.3953375703095126	0.039246586246375434	234
1.4	189.3536642813032	0.255151515151515	0.3953375703148814	0.03924658624157264	237
1.4	189.3536642813032	0.2648484848484847	0.39533757049205226	0.03924658608308025	239
1.4	189.3536642813032	0.2745454545454544	0.3953375708410251	0.039246585770898304	242
1.4	189.3536642813032	0.284242424242424	0.3846216087973472	0.08109949541180043	244
1.4	189.3536642813032	0.2939393939393938	0.38462160869582845	0.08109949522632336	246
1.4	189.3536642813032	0.3036363636363634	0.38462160868454864	0.0810994952057148	249
1.4	189.3536642813032	0.3133333333333331	0.3846216087635076	0.08109949534997474	251
1.4500000000000002	115.51755154456384	0.2339999999999999	0.3937393591815321	0.04067630394616623	200
1.4500000000000002	115.51755154456384	0.2435714285714286	0.39373935885076083	0.0406763042420655	203
1.4500000000000002	115.51755154456384	0.2531428571428572	0.39373935880230393	0.04067630428541381	205
1.4500000000000002	115.51755154456384	0.2627142857142857	0.3937393590361613	0.04067630407621113	207
1.4500000000000002	115.51755154456384	0.2722857142857143	0.3937393595523329	0.04067630361445754	209
1.4500000000000002	115.51755154456384	0.2818571428571429	0.3837821498949308	0.07956578416150684	211
1.4500000000000002	115.51755154456384	0.2914285714285715	0.38378214968799534	0.07956578378343082	213
1.4500000000000002	115.51755154456384	0.301	0.38378214962934515	0.07956578367627558	215
1.4500000000000002	115.51755154456384	0.3105714285714286	0.38378214971898034	0.07956578384004113	217
1.4500000000000002	115.51755154456384	0.3201428571428572	0.3837821499569008	0.07956578427472745	219
1.4500000000000002	130.5510514590151	0.2339999999999999	0.3924661875128364	0.04181524988249347	204
1.4500000000000002	130.5510514590151	0.2435714285714286	0.39246618678266426	0.041815250535686334	206
1.4500000000000002	130.5510514590151	0.2531428571428572	0.3924661866756963	0.041815250631377046	208
1.4500000000000002	130.5510514590151	0.2627142857142857	0.39246618719193277	0.04181525016956544	210
1.4500000000000002	130.5510514590151	0.2722857142857143	0.3924661883313728	0.04181524915025234	212
1.4500000000000002	130.5510514590151	0.2818571428571429	0.38311341777629476	0.07834399477928401	215
1.4500000000000002	130.5510514590151	0.2914285714285715	0.3831134173194881	0.07834399394468745	217
1.4500000000000002	130.5510514590151	0.301	0.3831134171900188	0.07834399370814392	219
1.4500000000000002	130.5510514590151	0.3105714285714286	0.383113417387887	0.07834399406965382	220
1.4500000000000002	130.5510514590151	0.3201428571428572	0.3831134179130924	0.07834399502921655	222
1.4500000000000002	147.54101700709464	0.2339999999999999	0.391796585383286	0.042414258361207775	207
1.4500000000000002	147.54101700709464	0.2435714285714286	0.3917965833825113	0.04241426015104828	209
1.4500000000000002	147.54101700709464	0.2531428571428572	0.3917965830894033	0.042414260413255	211
1.4500000000000002	147.54101700709464	0.2627142857142857	0.39179658450396593	0.04241425914782443	214
1.4500000000000002	147.54101700709464	0.2722857142857143	0.3917965876261803	0.04241425635477342	216
1.4500000000000002	147.54101700709464	0.2818571428571429	0.3827617101314907	0.07770141660172517	218
1.4500000000000002	147.54101700709464	0.2914285714285715	0.38276170887977745	0.07770141431481546	220
1.4500000000000002	147.54101700709464	0.301	0.3827617085250124	0.07770141366665131	222
1.4500000000000002	147.54101700709464	0.3105714285714286	0.38276170906720025	0.07770141465724134	224
1.4500000000000002	147.54101700709464	0.3201428571428572	0.3827617105063338	0.07770141728657237	226
1.4500000000000002	166.74206340131775	0.2339999999999999	0.3934225848020109	0.04095968198634667	210
1.4500000000000002	166.74206340131775	0.2435714285714286	0.3934225844191311	0.040959682328860915	212
1.4500000000000002	166.74206340131775	0.2531428571428572	0.3934225843630404	0.04095968237903817	215
1.4500000000000002	166.74206340131775	0.2627142857142857	0.3934225846337389	0.0409596821368784	217
1.4500000000000002	166.74206340131775	0.2722857142857143	0.3934225852312265	0.040959681602381726	219
1.4500000000000002	166.74206340131775	0.2818571428571429	0.38361576446716195	0.07926179405345098	221
1.4500000000000002	166.74206340131775	0.2914285714285715	0.38361576422762655	0.07926179361581415	223
1.4500000000000002	166.74206340131775	0.301	0.3836157641597368	0.07926179349177802	225
1.4500000000000002	166.74206340131775	0.3105714285714286	0.3836157642634928	0.07926179368134266	227
1.4500000000000002	166.74206340131775	0.3201428571428572	0.38361576453889445	0.07926179418450797	229
1.4500000000000002	188.4419415788092	0.2339999999999999	0.39526036693366473	0.039315650358745104	213
1.4500000000000002	188.4419415788092	0.2435714285714286	0.3952603667336185	0.039315650537701224	215
1.4500000000000002	188.4419415788092	0.2531428571428572	0.39526036670431236	0.03931565056391773	218
1.4500000000000002	188.4419415788092	0.2627142857142857	0.39526036684574634	0.03931565043739461	220
1.4500000000000002	188.4419415788092	0.2722857142857143	0.3952603671579204	0.039315650158131876	222
1.4500000000000002	188.4419415788092	0.2818571428571429	0.3845810577252798	0.08102540764495177	225
1.4500000000000002	188.4419415788092	0.2914285714285715	0.3845810576001278	0.08102540741629619	227
1.4500000000000002	188.4419415788092	0.301	0.38458105756465694	0.08102540735149007	229
1.4500000000000002	188.4419415788092	0.3105714285714286	0.38458105761886713	0.0810254074505334	231
1.4500000000000002	188.4419415788092	0.3201428571428572	0.3845810577627584	0.08102540771342616	233
1.5000000000000002	115.09381198485028	0.2324324324324325	0.3937752725451487	0.04064417679430079	186
1.5000000000000002	115.09381198485028	0.241891891891892	0.393775272176606	0.04064417712398939	188
1.5000000000000002	115.09381198485028	0.2513513513513515	0.3937752720796211	0.04064417721074956	190
1.5000000000000002	115.09381198485028	0.260810810810811	0.39377527225419395	0.04064417705458126	192
1.5000000000000002	115.09381198485028	0.2702702702702704	0.39377527270032453	0.04064417665548455	194
1.5000000000000002	115.09381198485028	0.2797297297297299	0.38380101337680156	0.07960024818860997	195
1.5000000000000002	115.09381198485028	0.2891891891891893	0.3838010131424719	0.07960024776048415	197
1.5000000000000002	115.09381198485028	0.2986486486486488	0.38380101305077763	0.07960024759295663	199
1.5000000000000002	115.09381198485028	0.3081081081081083	0.3838010131017189	0.07960024768602747	201
1.5000000000000002	115.09381198485028	0.3175675675675677	0.3838010132952956	0.07960024803969666	202
1.5000000000000002	130.04826817088951	0.2324324324324325	0.39250882350780714	0.04177710884118137	188
1.5000000000000002	130.04826817088951	0.241891891891892	0.39250882271380866	0.04177710955147153	191
1.5000000000000002	130.04826817088951	0.2513513513513515	0.39250882250486163	0.04177710973839008	193
1.5000000000000002	130.04826817088951	0.260810810810811	0.3925088228809663	0.04177710940193671	195
1.5000000000000002	130.04826817088951	0.2702702702702704	0.3925088238421221	0.04177710854211198	197
1.5000000000000002	130.04826817088951	0.2797297297297299	0.38313581233639116	0.07838491016974126	198
1.5000000000000002	130.04826817088951	0.2891891891891893	0.383135811831545	0.07838490924737541	200
1.5000000000000002	130.04826817088951	0.2986486486486488	0.38313581163399635	0.07838490888644942	202
1.5000000000000002	130.04826817088951	0.3081081081081083	0.3831358117437456	0.07838490908696387	204
1.5000000000000002	130.04826817088951	0.3175675675675677	0.3831358121607925	0.07838490984891845	206
1.5000000000000002	146.94579806318126	0.2324324324324325	0.391746395388366	0.04245915701247687	191
1.5000000000000002	146.94579806318126	0.241891891891892	0.39174639278518186	0.042459159341217016	193
1.5000000000000002	146.94579806318126	0.2513513513513515	0.39174639210013	0.04245915995404638	195
1.5000000000000002	146.94579806318126	0.260810810810811	0.3917463933332223	0.04245915885095443	198
1.5000000000000002	146.94579806318126	0.2702702702702704	0.39174639648443743	0.04245915603196013	200
1.5000000000000002	146.94579806318126	0.2797297297297299	0.38273534810265253	0.07765325255212932	201
1.5000000000000002	146.94579806318126	0.2891891891891893	0.3827353464474798	0.07765324952808968	203
1.5000000000000002	146.94579806318126	0.2986486486486488	0.3827353457997993	0.07765324834476206	205
1.5000000000000002	146.94579806318126	0.3081081081081083	0.3827353461596221	0.07765324900216683	207
1.5000000000000002	146.94579806318126	0.3175675675675677	0.38273534752694205	0.07765325150029267	209
1.5000000000000002	166.03887058342812	0.2324324324324325	0.3933630636438251	0.041012928051200326	194
1.5000000000000002	166.03887058342812	0.241891891891892	0.3933630631974275	0.04101292845053593	196
1.5000000000000002	166.03887058342812	0.2513513513513515	0.3933630630799544	0.041012928555624266	198
1.5000000000000002	166.03887058342812	0.260810810810811	0.3933630632914059	0.04101292836646527	200
1.5000000000000002	166.03887058342812	0.2702702702702704	0.393363063831782	0.04101292788305905	203
1.5000000000000002	166.03887058342812	0.2797297297297299	0.38358450106645836	0.07920467508164244	204
1.5000000000000002	166.03887058342812	0.2891891891891893	0.38358450078262635	0.07920467456307469	206
1.5000000000000002	166.03887058342812	0.2986486486486488	0.38358450067156163	0.07920467436015682	208
1.5000000000000002	166.03887058342812	0.3081081081081083	0.3835845007332643	0.07920467447288897	210
1.5000000000000002	166.03887058342812	0.3175675675675677	0.38358450096773417	0.07920467490127107	212
1.5000000000000002	187.61275863612488	0.2324324324324325	0.3951901590012308	0.03937845653116452	197
1.5000000000000002	187.61275863612488	0.241891891891892	0.3951901587706962	0.03937845673739469	199
1.5000000000000002	187.61275863612488	0.2513513513513515	0.3951901587100292	0.03937845679166579	201
1.5000000000000002	187.61275863612488	0.260810810810811	0.3951901588192298	0.03937845669397781	203
1.5000000000000002	187.61275863612488	0.2702702702702704	0.3951901590982979	0.03937845644433077	206
1.5000000000000002	187.61275863612488	0.2797297297297299	0.38454418109170657	0.08095803316405537	207
1.5000000000000002	187.61275863612488	0.2891891891891893	0.38454418094512627	0.08095803289624974	209
1.5000000000000002	187.61275863612488	0.2986486486486488	0.3845441808877688	0.08095803279145623	211
1.5000000000000002	187.61275863612488	0.3081081081081083	0.38454418091963405	0.08095803284967484	213
1.5000000000000002	187.61275863612488	0.3175675675675677	0.38454418104072213	0.08095803307090559	215
1.55	114.70873606665988	0.2344736842105262	0.3407460592145418	0.05807268868816972	172
1.55	114.70873606665988	0.2440789473684209	0.3407460596946433	0.05807268870865133	174
1.55	114.70873606665988	0.2536842105263157	0.3407460597447152	0.058072688710787454	176
1.55	114.70873606665988	0.2632894736842104	0.3407460593647576	0.05807268869457807	178
1.55	114.70873606665988	0.2728947368421051	0.3407460585547705	0.05807268866002321	180
1.55	114.70873606665988	0.2824999999999998	0.34074605731475427	0.05807268860712287	181
1.55	114.70873606665988	0.2921052631578946	0.3407460556447094	0.05807268853587707	183
1.55	114.70873606665988	0.3017105263157893	0.3407460535446364	0.05807268844628583	185
1.55	114.70873606665988	0.311315789473684	0.340746051014536	0.0580726883383492	186
1.55	114.70873606665988	0.3209210526315787	0.3407460480544092	0.05807268821206721	188
1.55	129.5914410372836	0.2344736842105262	0.39254757936024104	0.041742438873474855	175
1.55	129.5914410372836	0.2440789473684209	0.3925475787097567	0.04174243945538106	177
1.55	129.5914410372836	0.2536842105263157	0.39254757864191475	0.041742439516070685	179
1.55	129.5914410372836	0.2632894736842104	0.3925475791567153	0.04174243905554363	181
1.55	129.5914410372836	0.2728947368421051	0.3925475802541576	0.04174243807380061	182
1.55	129.5914410372836	0.2824999999999998	0.38315616874298447	0.07842210180558888	184
1.55	129.5914410372836	0.2921052631578946	0.38315616833843485	0.07842210106646723	186
1.55	129.5914410372836	0.3017105263157893	0.38315616823991755	0.0784221008864738	188
1.55	129.5914410372836	0.311315789473684	0.3831561684474327	0.07842210126560886	189
1.55	129.5914410372836	0.3209210526315787	0.38315616896098	0.07842210220387184	191
1.55	146.40507921175603	0.2344736842105262	0.3917009478342694	0.04249981320074042	177
1.55	146.40507921175603	0.2440789473684209	0.39170094527923105	0.04249981548641062	179
1.55	146.40507921175603	0.2536842105263157	0.3917009450127533	0.04249981572479457	181
1.55	146.40507921175603	0.2632894736842104	0.39170094703484265	0.0424998139158866	183
1.55	146.40507921175603	0.2728947368421051	0.3917009513454509	0.04249981005972966	185
1.55	146.40507921175603	0.2824999999999998	0.38271147666765215	0.07760963887632535	187
1.55	146.40507921175603	0.2921052631578946	0.38271147507862424	0.07760963597313378	189
1.55	146.40507921175603	0.3017105263157893	0.38271147469165634	0.07760963526613435	190
1.55	146.40507921175603	0.311315789473684	0.3827114755067577	0.07760963675534382	192
1.55	146.40507921175603	0.3209210526315787	0.382711477523909	0.07760964044072687	194
1.55	165.4001764887686	0.2344736842105262	0.39330901601512513	0.04106127764033235	180
1.55	165.4001764887686	0.2440789473684209	0.39330901562570714	0.04106127798869548	182
1.55	165.4001764887686	0.2536842105263157	0.39330901558509296	0.04106127802502784	184
1.55	165.4001764887686	0.2632894736842104	0.3933090158932827	0.0410612777493294	186
1.55	165.4001764887686	0.2728947368421051	0.39330901655027617	0.0410612771616003	188
1.55	165.4001764887686	0.2824999999999998	0.3835561125676452	0.07915280862351884	190
1.55	165.4001764887686	0.2921052631578946	0.3835561123254581	0.0791528081810373	191
1.55	165.4001764887686	0.3017105263157893	0.3835561122664799	0.0791528080732827	193
1.55	165.4001764887686	0.311315789473684	0.3835561123907106	0.07915280830025513	195
1.55	165.4001764887686	0.3209210526315787	0.38355611269815015	0.07915280886195444	196
1.55	186.8597628566364	0.2344736842105262	0.3951264087559775	0.039435485826236294	183
1.55	186.8597628566364	0.2440789473684209	0.3951264085570837	0.03943548600416146	185
1.55	186.8597628566364	0.2536842105263157	0.3951264085363402	0.039435486022718076	187
1.55	186.8597628566364	0.2632894736842104	0.39512640869374693	0.03943548588190613	189
1.55	186.8597628566364	0.2728947368421051	0.3951264090293039	0.039435485581725646	191
1.55	186.8597628566364	0.2824999999999998	0.3845106963189891	0.08089685569308865	192
1.55	186.8597628566364	0.2921052631578946	0.38451069619529293	0.08089685546709284	194
1.55	186.8597628566364	0.3017105263157893	0.38451069616517003	0.08089685541205759	196
1.55	186.8597628566364	0.311315789473684	0.3845106962286204	0.0808968555279829	198
1.55	186.8597628566364	0.3209210526315787	0.384510696385644	0.08089685581486876	199
1.6	114.35950717960834	0.2338845360459197	0.34079102646969045	0.05807460703661214	115
1.6	114.35950717960834	0.2434477171920568	0.34079102698131347	0.05807460705843849	116
1.6	114.35950717960834	0.2530108983381939	0.34079102706124437	0.05807460706184843	118
1.6	114.35950717960834	0.262574079484331	0.3407910267094832	0.05807460704684194	119
1.6	114.35950717960834	0.2721372606304681	0.34079102592603	0.05807460701341904	120
1.6	114.35950717960834	0.2817004417766053	0.34079102471088507	0.058074606961579726	121
1.6	114.35950717960834	0.2912636229227424	0.34079102306404885	0.058074606891324036	122
1.6	114.35950717960834	0.3008268040688795	0.340791020985522	0.05807460680265198	123
1.6	114.35950717960834	0.3103899852150166	0.34079101847530524	0.05807460669556361	124
1.6	114.35950717960834	0.3199531663611537	0.34079101553339947	0.05807460657005894	125
1.6	129.17720660530398	0.2338845360459197	0.3925827399651721	0.04171098511975909	117
1.6	129.17720660530398	0.2434477171920568	0.3925827393012398	0.04171098571369549	118
1.6	129.17720660530398	0.2530108983381939	0.3925827391975136	0.041710985806486266	119
1.6	129.17720660530398	0.262574079484331	0.39258273965399354	0.04171098539813129	121
1.6	129.17720660530398	0.2721372606304681	0.392582740670679	0.041710984488631135	122
1.6	129.17720660530398	0.2817004417766053	0.3831746368296001	0.07845584343621821	123
1.6	129.17720660530398	0.2912636229227424	0.3831746364136684	0.07845584267630112	124
1.6	129.17720660530398	0.3008268040688795	0.3831746362919843	0.07845584245398136	125
1.6	129.17720660530398	0.3103899852150166	0.38317463646454797	0.07845584276925928	126
1.6	129.17720660530398	0.3199531663611537	0.38317463693135917	0.0784558436221344	127
1.6	145.91485323683554	0.2338845360459197	0.3916599583130349	0.04253648134989099	119
1.6	145.91485323683554	0.2434477171920568	0.39165995518037366	0.04253648415228748	120
1.6	145.91485323683554	0.2530108983381939	0.39165995469095405	0.04253648459010938	121
1.6	145.91485323683554	0.262574079484331	0.3916599568447918	0.04253648266334269	122
1.6	145.91485323683554	0.2721372606304681	0.3916599616418181	0.04253647837204898	124
1.6	145.91485323683554	0.2817004417766053	0.38268994710708926	0.07757030386045484	125
1.6	145.91485323683554	0.2912636229227424	0.38268994514458604	0.07757030027491513	126
1.6	145.91485323683554	0.3008268040688795	0.3826899445704349	0.0775702992259274	127
1.6	145.91485323683554	0.3103899852150166	0.3826899453846542	0.07757030071352519	128
1.6	145.91485323683554	0.3199531663611537	0.38268994758721775	0.07757030473766098	129
1.6	164.821216951854	0.2338845360459197	0.3932600394404637	0.04110509079770728	120
1.6	164.821216951854	0.2434477171920568	0.39326003901983203	0.04110509117399333	122
1.6	164.821216951854	0.2530108983381939	0.3932600389541167	0.04110509123278055	123
1.6	164.821216951854	0.262574079484331	0.3932600392433177	0.0411050909740689	124
1.6	164.821216951854	0.2721372606304681	0.39326003988743496	0.041105090397858535	125
1.6	164.821216951854	0.2817004417766053	0.3835303876809646	0.07910580864769984	127
1.6	164.821216951854	0.2912636229227424	0.38353038741745266	0.07910580816625734	128
1.6	164.821216951854	0.3008268040688795	0.3835303873403602	0.07910580802540758	129
1.6	164.821216951854	0.3103899852150166	0.3835303874496872	0.07910580822515062	130
1.6	164.821216951854	0.3199531663611537	0.38353038774543363	0.07910580876548635	131
1.6	186.1773010414281	0.2338845360459197	0.39506863778927526	0.03948716621575565	122
1.6	186.1773010414281	0.2434477171920568	0.3950686375766788	0.03948716640593887	123
1.6	186.1773010414281	0.2530108983381939	0.39506863754346483	0.039487166435651214	125
1.6	186.1773010414281	0.262574079484331	0.39506863768963335	0.03948716630489268	126
1.6	186.1773010414281	0.2721372606304681	0.3950686380151844	0.03948716601366328	127
1.6	186.1773010414281	0.2817004417766053	0.38448035218015275	0.08084141623443289	128
1.6	186.1773010414281	0.2912636229227424	0.38448035204696807	0.08084141599110128	130
1.6	186.1773010414281	0.3008268040688795	0.38448035200800385	0.08084141591991273	131
1.6	186.1773010414281	0.3103899852150166	0.3844803520632601	0.08084141602086724	132
1.6	186.1773010414281	0.3199531663611537	0.38448035221273685	0.08084141629396478	133
1.65	114.03368917733864	0.2330777780421886	0.34083295476569064	0.058076395739993285	107
1.65	114.03368917733864	0.2425833336166306	0.3408329553182761	0.05807639576356714	108
1.65	114.03368917733864	0.2520888891910727	0.340832955439237	0.05807639576872745	110
1.65	114.03368917733864	0.2615944447655147	0.34083295512857315	0.05807639575547422	111
1.65	114.03368917733864	0.2711000003399568	0.3408329543862848	0.058076395723807454	112
1.65	114.03368917733864	0.2806055559143988	0.34083295321237217	0.05807639567372715	113
1.65	114.03368917733864	0.2901111114888408	0.34083295160683574	0.05807639560523335	114
1.65	114.03368917733864	0.2996166670632829	0.340832949569676	0.058076395518326066	115
1.65	114.03368917733864	0.3091222226377249	0.3408329471008939	0.05807639541300533	116
1.65	114.03368917733864	0.318627778212167	0.34083294420049015	0.05807639528927118	117
1.65	128.790797788822	0.2330777780421886	0.39261555501193923	0.04168162964077324	109
1.65	128.790797788822	0.2425833336166306	0.3926155543226714	0.04168163025737408	110
1.65	128.790797788822	0.2520888891910727	0.39261555417179084	0.041681630392347915	111
1.65	128.790797788822	0.2615944447655147	0.3926155545592976	0.04168163004569456	112
1.65	128.790797788822	0.2711000003399568	0.39261555548519117	0.04168162921741447	113
1.65	128.790797788822	0.2806055559143988	0.3831918729208194	0.07848733418214755	114
1.65	128.790797788822	0.2901111114888408	0.3831918724852344	0.07848733338632345	116
1.65	128.790797788822	0.2996166670632829	0.3831918723324366	0.07848733310715833	117
1.65	128.790797788822	0.3091222226377249	0.3831918724624263	0.07848733334465256	118
1.65	128.790797788822	0.318627778212167	0.3831918728752033	0.07848733409880582	119
1.65	145.45762497682605	0.2330777780421886	0.39162203205377055	0.04257040918533638	110
1.65	145.45762497682605	0.2425833336166306	0.391622028107309	0.04257041271573724	112
1.65	145.45762497682605	0.2520888891910727	0.39162202724341955	0.04257041348855004	113
1.65	145.45762497682605	0.2615944447655147	0.39162202946214025	0.04257041150374078	114
1.65	145.45762497682605	0.2711000003399568	0.3916220347633735	0.04257040676139676	115
1.65	145.45762497682605	0.2806055559143988	0.38267002660989946	0.07753390864138751	116
1.65	145.45762497682605	0.2901111114888408	0.3826700241159332	0.0775339040848523	117
1.65	145.45762497682605	0.2996166670632829	0.3826700232410682	0.0775339024864532	118
1.65	145.45762497682605	0.3091222226377249	0.3826700239853428	0.07753390384626051	119
1.65	145.45762497682605	0.318627778212167	0.3826700263487243	0.0775339081642144	120
1.65	164.28130757130282	0.2330777780421886	0.39321438270645653	0.04114593411282494	112
1.65	164.28130757130282	0.2425833336166306	0.3932143822461656	0.04114593452458914	113
1.65	164.28130757130282	0.2520888891910727	0.393214382145408	0.04114593461472424	114
1.65	164.28130757130282	0.2615944447655147	0.3932143824041838	0.0411459343832302	116
1.65	164.28130757130282	0.2711000003399568	0.3932143830224929	0.041145933830107145	117
1.65	164.28130757130282	0.2806055559143988	0.38350640654271007	0.07906199454145844	118
1.65	164.28130757130282	0.2901111114888408	0.3835064062518277	0.07906199401000943	119
1.65	164.28130757130282	0.2996166670632829	0.3835064061497898	0.07906199382358384	120
1.65	164.28130757130282	0.3091222226377249	0.38350640623659654	0.07906199398218174	121
1.65	164.28130757130282	0.318627778212167	0.38350640651224777	0.07906199448580306	122
1.65	185.54096439864688	0.2330777780421886	0.39501477900095777	0.03953534687324117	114
1.65	185.54096439864688	0.2425833336166306	0.3950147787706718	0.03953534707924897	115
1.65	185.54096439864688	0.2520888891910727	0.39501477872026225	0.03953534712434403	116
1.65	185.54096439864688	0.2615944447655147	0.39501477884972913	0.03953534700852635	117
1.65	185.54096439864688	0.2711000003399568	0.39501477915907246	0.039535346731795956	118
1.65	185.54096439864688	0.2806055559143988	0.38445206291179385	0.08078973107269385	119
1.65	185.54096439864688	0.2901111114888408	0.38445206276626387	0.08078973080680711	121
1.65	185.54096439864688	0.2996166670632829	0.38445206271521376	0.08078973071353741	122
1.65	185.54096439864688	0.3091222226377249	0.38445206275864363	0.08078973079288476	123
1.65	185.54096439864688	0.318627778212167	0.38445206289655337	0.08078973104484917	124
