M1	Pi	M2	MWD	Pf	N
1.0	73.86213164147249	0.1799999999999999	0.34320891841548185	0.04469777572396583	162786
1.0	73.86213164147249	0.1899999999999999	0.34320891981143187	0.044697776033579176	165447
1.0	83.69474720437096	0.1799999999999999	0.34441110226141947	0.044964412900178274	166097
1.0	83.69474720437096	0.1899999999999999	0.34441110781004525	0.044964414130830244	168813
1.0	94.83629234537908	0.1799999999999999	0.34385711684988646	0.04484154225415088	169408
1.0	94.83629234537908	0.1899999999999999	0.34385711919025136	0.04484154277322979	172178
1.0	107.46101334001642	0.1799999999999999	0.34231355130390934	0.044499188661670866	172719
1.0	107.46101334001642	0.1899999999999999	0.34231355220023907	0.04449918886047144	175543
1.0	121.76635233701076	0.1	0.3819793662250655	0.06863611872513102	147572
1.0	121.76635233701076	0.11	0.3819793682300806	0.06863611672267998	151853
1.0	121.76635233701076	0.12	0.3819793700968246	0.06863611485832322	155869
1.0	137.97603522076352	0.1	0.38245511044567543	0.0681609828995033	150348
1.0	137.97603522076352	0.11	0.3824551189022768	0.0681609744537165	154709
1.0	137.97603522076352	0.12	0.3824551267760991	0.06816096658996347	158801
1.0	156.34357053377042	0.1	0.369373288213138	0.04435103981690785	153124
1.0	156.34357053377042	0.11	0.3693732877992232	0.0443510396239873	157565
1.0	156.34357053377042	0.12	0.3693732865574811	0.04435103904522674	161733
1.0	177.15621417979145	0.1	0.3681080401985096	0.043761323430155555	155900
1.0	177.15621417979145	0.11	0.36810804009055426	0.04376132337983891	160422
1.0	177.15621417979145	0.12	0.36810803976668827	0.04376132322888899	164664
1.0	200.73946191306345	0.1	0.4708390256054842	0.043228534136101934	158676
1.0	200.73946191306345	0.11	0.4708390119626006	0.04322853643503705	163278
1.0	200.73946191306345	0.12	0.47083899887653724	0.0432285386401435	167596
1.05	73.38575020828445	0.1781818181818181	0.3431506619125909	0.04468485478056823	142929
1.05	73.38575020828445	0.1879545454545454	0.34315066339861616	0.04468485511015974	145221
1.05	73.38575020828445	0.1977272727272727	0.343150664026936	0.044684855249517305	147432
1.05	73.38575020828445	0.2075	0.3431506637975494	0.04468485519864073	149566
1.05	83.12132776436124	0.1781818181818181	0.34434095335742204	0.04494885429344813	145769
1.05	83.12132776436124	0.1879545454545454	0.34434095857296537	0.0449488554502244	148107
1.05	83.12132776436124	0.1977272727272727	0.34434096077821236	0.04494885593933498	150361
1.05	83.12132776436124	0.2075	0.344340959973121	0.04494885576077054	152538
1.05	94.14845674672132	0.1781818181818181	0.34394119306420334	0.044860189854888356	148608
1.05	94.14845674672132	0.1879545454545454	0.343941195894285	0.044860190482583516	150992
1.05	94.14845674672132	0.1977272727272727	0.3439411970908995	0.04486019074798544	153290
1.05	94.14845674672132	0.2075	0.34394119665404005	0.04486019065109263	155510
1.05	106.63847830868892	0.1781818181818181	0.34241411086876966	0.04452149217082724	151448
1.05	106.63847830868892	0.1879545454545454	0.34241411189895127	0.04452149239931535	153877
1.05	106.63847830868892	0.1977272727272727	0.3424141123345315	0.04452149249592444	156219
1.05	106.63847830868892	0.2075	0.34241411217551015	0.044521492460654455	158481
1.05	120.78546424382836	0.1	0.3819505842050643	0.06866486393788206	129890
1.05	120.78546424382836	0.1097727272727272	0.3819505860795309	0.06866486206581252	133549
1.05	120.78546424382836	0.1195454545454545	0.38195058782776586	0.06866486031981328	136987
1.05	136.80923250203958	0.1	0.38242097439637684	0.06819507529466969	132280
1.05	136.80923250203958	0.1097727272727272	0.3824209811158341	0.06819506858380543	136008
1.05	136.80923250203958	0.1195454545454545	0.38242098738299085	0.0681950623246633	139508
1.05	154.95876275322146	0.1	0.3694574610799746	0.04439027174481416	134671
1.05	154.95876275322146	0.1097727272727272	0.36945746059280715	0.04439027151775144	138466
1.05	154.95876275322146	0.1195454545454545	0.36945745913130856	0.04439027083656511	142030
1.05	175.51606507003262	0.1	0.36820774573303044	0.04380779494157232	137062
1.05	175.51606507003262	0.1097727272727272	0.36820774562354913	0.04380779489054442	140924
1.05	175.51606507003262	0.1195454545454545	0.36820774529510514	0.04380779473746076	144551
1.05	198.8005618419116	0.1	0.4711762943894325	0.04317170164552302	139453
1.05	198.8005618419116	0.1097727272727272	0.4711762818281229	0.043171703762204264	143382
1.05	198.8005618419116	0.1195454545454545	0.47117626976760946	0.04317170579449735	147072
1.1	72.9521338426647	0.1766666666666667	0.34309761308022885	0.04467308886730115	126580
1.1	72.9521338426647	0.18625	0.34309761462671995	0.04467308921030361	128575
1.1	72.9521338426647	0.1958333333333333	0.3430976153739015	0.04467308937602401	130498
1.1	72.9521338426647	0.2054166666666667	0.3430976153217726	0.04467308936446212	132357
1.1	72.9521338426647	0.215	0.3430976144703331	0.04467308917561796	134155
1.1	72.9521338426647	0.2245833333333333	0.3430976128195844	0.04467308880949177	135898
1.1	82.59958673582284	0.1766666666666667	0.34427706287924964	0.044934683768079395	129038
1.1	82.59958673582284	0.18625	0.34427706781507184	0.04493468486281518	131071
1.1	82.59958673582284	0.1958333333333333	0.3442770701998111	0.044934685391736076	133032
1.1	82.59958673582284	0.2054166666666667	0.3442770700334336	0.04493468535483454	134927
1.1	82.59958673582284	0.215	0.34427706731594165	0.04493468475211111	136761
1.1	82.59958673582284	0.2245833333333333	0.34427706204737396	0.04493468358357435	138537
1.1	93.52285354179176	0.1766666666666667	0.34401760936834175	0.04487713853342942	131496
1.1	93.52285354179176	0.18625	0.34401761269860576	0.04487713927206203	133568
1.1	93.52285354179176	0.1958333333333333	0.3440176143076147	0.04487713962893057	135567
1.1	93.52285354179176	0.2054166666666667	0.34401761419535815	0.044877139604032744	137497
1.1	93.52285354179176	0.215	0.34401761236183687	0.0448771391973687	139366
1.1	93.52285354179176	0.2245833333333333	0.34401760880706267	0.04487713840894108	141176
1.1	105.89065248683777	0.1766666666666667	0.3425055192869372	0.044541766010460504	133954
1.1	105.89065248683777	0.18625	0.34250552043698507	0.04454176626553424	136065
1.1	105.89065248683777	0.1958333333333333	0.34250552099262643	0.04454176638877215	138101
1.1	105.89065248683777	0.2054166666666667	0.3425055209538607	0.04454176638017416	140068
1.1	105.89065248683777	0.215	0.3425055203206881	0.04454176623974026	141971
1.1	105.89065248683777	0.2245833333333333	0.34250551909310895	0.04454176596747056	143815
1.1	119.89401370305342	0.1	0.3819244233604148	0.06869099132731353	115264
1.1	119.89401370305342	0.1095833333333333	0.38192442512883923	0.06869098956115062	118429
1.1	119.89401370305342	0.1191666666666666	0.3819244267805569	0.06869098791154522	121405
1.1	135.7492298351331	0.1	0.3823899225391155	0.06822608744194963	117341
1.1	135.7492298351331	0.1095833333333333	0.3823899281715932	0.06822608181667494	120563
1.1	135.7492298351331	0.1191666666666666	0.38238993343247796	0.06822607656251792	123593
1.1	153.70119684601497	0.1	0.36953385947960005	0.04442588009010288	119418
1.1	153.70119684601497	0.1095833333333333	0.3695338588859309	0.04442587981340105	122697
1.1	153.70119684601497	0.1191666666666666	0.36953385710493075	0.04442587898329902	125780
1.1	174.02719662268962	0.1	0.3682982481579395	0.04384997699789062	121495
1.1	174.02719662268962	0.1095833333333333	0.36829824804639816	0.043849976945902584	124831
1.1	174.02719662268962	0.1191666666666666	0.3682982477117741	0.04384997678993848	127968
1.1	197.0411798074268	0.1	0.47148236732906984	0.04312012590449308	123572
1.1	197.0411798074268	0.1095833333333333	0.4714823556256587	0.04312012787661156	126965
1.1	197.0411798074268	0.1191666666666666	0.47148234437962394	0.043120129771658466	130155
1.15	72.5569117903113	0.1784	0.3430492397485238	0.04466235995207458	113227
1.15	72.5569117903113	0.1882	0.3430492411338836	0.04466236025933908	115021
1.15	72.5569117903113	0.1980000000000001	0.3430492417062781	0.04466236038629275	116751
1.15	72.5569117903113	0.2078	0.3430492414657065	0.04466236033293541	118421
1.15	72.5569117903113	0.2176	0.3430492404121691	0.04466236009926713	120036
1.15	72.5569117903113	0.2274000000000001	0.3321980222095869	0.09222943987613948	121601
1.15	72.5569117903113	0.2372000000000001	0.332198023987293	0.09222943884556661	123119
1.15	82.12421174908303	0.1784	0.3442187995151588	0.044921761302908765	115377
1.15	82.12421174908303	0.1882	0.3442188036171371	0.04492176221270298	117206
1.15	82.12421174908303	0.1980000000000001	0.34421880531197463	0.0449217625886078	118968
1.15	82.12421174908303	0.2078	0.34421880459965104	0.044921762430618684	120670
1.15	82.12421174908303	0.2176	0.3442188014801748	0.04492176173873755	122316
1.15	82.12421174908303	0.2274000000000001	0.33361402110794897	0.0914085561457931	123910
1.15	82.12421174908303	0.2372000000000001	0.33361402637164095	0.09140855309432241	125457
1.15	92.95304870333275	0.1784	0.3440871398343754	0.044892559974323495	117527
1.15	92.95304870333275	0.1882	0.3440871431945919	0.04489256071959939	119390
1.15	92.95304870333275	0.1980000000000001	0.34408714458294937	0.04489256102752876	121185
1.15	92.95304870333275	0.2078	0.34408714399943646	0.0448925608981091	122918
1.15	92.95304870333275	0.2176	0.344087141444058	0.04489256033134146	124595
1.15	92.95304870333275	0.2274000000000001	0.33345461935276743	0.09150096462687916	126219
1.15	92.95304870333275	0.2372000000000001	0.3334546236646257	0.09150096212720608	127795
1.15	105.20976797491912	0.1784	0.342588724975565	0.044560220533814386	119678
1.15	105.20976797491912	0.1882	0.3425887260743862	0.04456022077752635	121574
1.15	105.20976797491912	0.1980000000000001	0.3425887265283903	0.04456022087822175	123402
1.15	105.20976797491912	0.2078	0.342588726337577	0.04456022083590049	125167
1.15	105.20976797491912	0.2176	0.3425887255019463	0.044560220650562615	126875
1.15	105.20976797491912	0.2274000000000001	0.33164047177092265	0.09255266335073142	128528
1.15	105.20976797491912	0.2372000000000001	0.3316404731809399	0.09255266253331536	130133
1.15	119.082649055054	0.1	0.3819006098517266	0.06871477438262248	102763
1.15	119.082649055054	0.1098	0.381900611597515	0.06871477263906664	105627
1.15	119.082649055054	0.1196	0.38190061322539737	0.06871477101326601	108315
1.15	134.78479782741906	0.1	0.3823616482511417	0.06825432557197512	104577
1.15	134.78479782741906	0.1098	0.3823616533323009	0.06825432049731389	107491
1.15	134.78479782741906	0.1196	0.38236165807037686	0.06825431576529711	110227
1.15	152.55742015765318	0.1	0.36960326475428684	0.044458229026703946	106390
1.15	152.55742015765318	0.1098	0.36960326393440956	0.044458228644569324	109355
1.15	152.55742015765318	0.1196	0.3696032614747963	0.04445822749817413	112139
1.15	172.67352713589318	0.1	0.36838052406557414	0.043888324776670845	108204
1.15	172.67352713589318	0.1098	0.368380523942264	0.043888324719197506	111219
1.15	172.67352713589318	0.1196	0.3683805235723336	0.04388832454677753	114050
1.15	195.4421288898172	0.1	0.47176056974838837	0.043073246569293844	110018
1.15	195.4421288898172	0.1098	0.4717605583081958	0.043073248497057896	113084
1.15	195.4421288898172	0.1196	0.47176054732540484	0.0430732503477461	115962
1.2000000000000002	118.34336712420816	0.2251851851851852	0.3818789222540957	0.06873643424554844	117202
1.2000000000000002	118.34336712420816	0.2348148148148149	0.3818789224834621	0.06873643401647535	118643
1.2000000000000002	118.34336712420816	0.2444444444444445	0.38187892260239287	0.06873643389769668	120044
1.2000000000000002	118.34336712420816	0.2540740740740741	0.3818789226108879	0.0687364338892125	121406
1.2000000000000002	133.90633321208531	0.2251851851851852	0.38233591554496926	0.06828002537044503	119229
1.2000000000000002	133.90633321208531	0.2348148148148149	0.3823359161668411	0.06828002474936842	120695
1.2000000000000002	133.90633321208531	0.2444444444444445	0.38233591648929377	0.06828002442732814	122120
1.2000000000000002	133.90633321208531	0.2540740740740741	0.3823359165123261	0.06828002440432525	123506
1.2000000000000002	151.51593629651003	0.2251851851851852	0.36966609997730243	0.04448751574381325	121256
1.2000000000000002	151.51593629651003	0.2348148148148149	0.3696660698640474	0.04448750170839904	122747
1.2000000000000002	151.51593629651003	0.2444444444444445	0.36966603752675314	0.04448748663638778	124196
1.2000000000000002	151.51593629651003	0.2540740740740741	0.3696660029668233	0.04448747052843369	125605
1.2000000000000002	171.4413232079764	0.2251851851851852	0.36845538603499794	0.04392321701092321	123283
1.2000000000000002	171.4413232079764	0.2348148148148149	0.3684553826439936	0.04392321543041819	124799
1.2000000000000002	171.4413232079764	0.2444444444444445	0.3684553790018131	0.043923213732843094	126272
1.2000000000000002	171.4413232079764	0.2540740740740741	0.3684553751084585	0.04392321191819887	127705
1.2500000000000002	117.6692725248898	0.2276785714285714	0.381859132153258	0.06875619903825302	105919
1.2500000000000002	117.6692725248898	0.2375	0.3818591323514885	0.06875619884027606	107224
1.2500000000000002	117.6692725248898	0.2473214285714285	0.38185913243789665	0.06875619875397841	108491
1.2500000000000002	117.6692725248898	0.2571428571428571	0.3818591324124825	0.06875619877936007	109723
1.2500000000000002	117.6692725248898	0.2669642857142856	0.381859132275246	0.06875619891642105	110923
1.2500000000000002	133.10556766006692	0.2276785714285714	0.3823124138778691	0.06830349698295762	107714
1.2500000000000002	133.10556766006692	0.2375	0.38231241438535246	0.06830349647612322	109042
1.2500000000000002	133.10556766006692	0.2473214285714285	0.38231241460656346	0.06830349625519512	110331
1.2500000000000002	133.10556766006692	0.2571428571428571	0.3823124145415014	0.06830349632017399	111584
1.2500000000000002	133.10556766006692	0.2669642857142856	0.3823124141901664	0.06830349667105963	112803
1.2500000000000002	150.56685370737782	0.2276785714285714	0.36972295134763566	0.044514013461499594	109510
1.2500000000000002	150.56685370737782	0.2375	0.3697229016276477	0.044513990287630666	110860
1.2500000000000002	150.56685370737782	0.2473214285714285	0.369722848253122	0.04451396541042709	112170
1.2500000000000002	150.56685370737782	0.2571428571428571	0.36972279123009577	0.044513938832702715	113444
1.2500000000000002	150.56685370737782	0.2669642857142856	0.3697227305650041	0.04451391055745689	114684
1.2500000000000002	170.31877654611628	0.2276785714285714	0.3685235912565667	0.0439550066176692	111306
1.2500000000000002	170.31877654611628	0.2375	0.3685235875435153	0.04395500488706204	112678
1.2500000000000002	170.31877654611628	0.2473214285714285	0.3685235835554349	0.04395500302826729	114010
1.2500000000000002	170.31877654611628	0.2571428571428571	0.368523579292328	0.043955001041286114	115305
1.2500000000000002	170.31877654611628	0.2669642857142856	0.3685235747541974	0.043954998926119794	116565
1.2500000000000002	192.661830475272	0.2276785714285714	0.4722442213324646	0.042991747404818245	113102
1.2500000000000002	192.661830475272	0.2375	0.47224421622789237	0.04299174826497954	114496
1.2500000000000002	192.661830475272	0.2473214285714285	0.4722442115503152	0.04299174905318874	115849
1.2500000000000002	192.661830475272	0.2571428571428571	0.47224420729973404	0.0429917497694457	117165
1.2500000000000002	192.661830475272	0.2669642857142856	0.47224420347614965	0.042991750413750286	118445
1.3	117.05438758190677	0.2256666666666668	0.3818410775541429	0.06877423054864305	96046
1.3	117.05438758190677	0.2353333333333334	0.38184107776748427	0.06877423033557453	97213
1.3	117.05438758190677	0.2450000000000001	0.38184107787506666	0.0687742302281297	98347
1.3	117.05438758190677	0.2546666666666668	0.3818410778768901	0.0687742302263086	99449
1.3	117.05438758190677	0.2643333333333335	0.38184107777295456	0.06877423033011124	100522
1.3	117.05438758190677	0.2740000000000001	0.3818410775632601	0.06877423053953756	101567
1.3	132.37533798555577	0.2256666666666668	0.38229097442646853	0.0683249090169896	97643
1.3	132.37533798555577	0.2353333333333334	0.38229097494745107	0.06832490849667328	98830
1.3	132.37533798555577	0.2450000000000001	0.38229097521016914	0.06832490823429122	99983
1.3	132.37533798555577	0.2546666666666668	0.38229097521462196	0.06832490822984406	101103
1.3	132.37533798555577	0.2643333333333335	0.3822909749608096	0.06832490848333182	102194
1.3	132.37533798555577	0.2740000000000001	0.3822909744487327	0.06832490899475387	103256
1.3	149.70160853243186	0.2256666666666668	0.3697727078118984	0.04453720433157673	99241
1.3	149.70160853243186	0.2353333333333334	0.36977260874904755	0.0445371581596122	100447
1.3	149.70160853243186	0.2450000000000001	0.3697725025797027	0.044537108675399034	101618
1.3	149.70160853243186	0.2546666666666668	0.36977238935168566	0.04453705590122647	102757
1.3	149.70160853243186	0.2643333333333335	0.36977226911552646	0.04453699986064584	103865
1.3	149.70160853243186	0.2740000000000001	0.36977214192435587	0.044536940578420794	104945
1.3	169.29567046425822	0.2256666666666668	0.36858574212476114	0.04398397436549522	100838
1.3	169.29567046425822	0.2353333333333334	0.3685857383466403	0.04398397260456003	102063
1.3	169.29567046425822	0.2450000000000001	0.3685857342886716	0.043983970713191205	103253
1.3	169.29567046425822	0.2546666666666668	0.3685857299508577	0.04398396869139003	104411
1.3	169.29567046425822	0.2643333333333335	0.36858572533320166	0.04398396653915787	105537
1.3	169.29567046425822	0.2740000000000001	0.3685857204357065	0.04398396425649621	106634
1.3	191.45434921451425	0.2256666666666668	0.47245433498553585	0.04295634157191287	102435
1.3	191.45434921451425	0.2353333333333334	0.4724543300241188	0.04295634240795137	103680
1.3	191.45434921451425	0.2450000000000001	0.47245432546404065	0.042956343176361045	104889
1.3	191.45434921451425	0.2546666666666668	0.4724543213053022	0.04295634387714178	106064
1.3	191.45434921451425	0.2643333333333335	0.47245431754790407	0.04295634451029345	107208
1.3	191.45434921451425	0.2740000000000001	0.47245431419184697	0.04295634507581594	108323
1.35	116.49405208816545	0.2334375	0.38182462218672675	0.0687906648724763	88651
1.35	116.49405208816545	0.24296875	0.381824622311293	0.06879066474806934	89671
1.35	116.49405208816545	0.2524999999999999	0.3818246223352163	0.06879066472417662	90663
1.35	116.49405208816545	0.26203125	0.38182462225849667	0.06879066480079812	91629
1.35	116.49405208816545	0.2715625	0.38182462208113416	0.06879066497793385	92570
1.35	131.710057535919	0.2334375	0.3822714357785492	0.06834442267834079	90097
1.35	131.710057535919	0.24296875	0.382271436070997	0.068344422386267	91134
1.35	131.710057535919	0.2524999999999999	0.3822714361271625	0.06834442233017335	92143
1.35	131.710057535919	0.26203125	0.3822714359470456	0.0683444225100599	93124
1.35	131.710057535919	0.2715625	0.3822714355306467	0.06834442292592631	94081
1.35	148.91351914676355	0.2334375	0.36979635036968433	0.04454822383414847	91544
1.35	148.91351914676355	0.24296875	0.36979614298389063	0.04454812717420553	92597
1.35	148.91351914676355	0.2524999999999999	0.369795923294105	0.04454802477952472	93622
1.35	148.91351914676355	0.26203125	0.3697956916378005	0.04454791680739809	94619
1.35	148.91351914676355	0.2715625	0.3697954483576032	0.044547803417519384	95591
1.35	168.3640308077919	0.2334375	0.3686423168325851	0.04401034313422181	92990
1.35	168.3640308077919	0.24296875	0.3686423126979387	0.04401034120711446	94060
1.35	168.3640308077919	0.2524999999999999	0.3686423082781603	0.044010339147110646	95101
1.35	168.3640308077919	0.26203125	0.3686423035732531	0.04401033695421185	96114
1.35	168.3640308077919	0.2715625	0.3686422985832207	0.044010334628419676	97102
1.35	190.3550935621224	0.2334375	0.3673055471332614	0.04338729137844674	94436
1.35	190.3550935621224	0.24296875	0.367305545196977	0.04338729047596862	95523
1.35	190.3550935621224	0.2524999999999999	0.36730554312715735	0.04338728951125139	96580
1.35	190.3550935621224	0.26203125	0.36730554092380285	0.04338728848429522	97609
1.35	190.3550935621224	0.2715625	0.3673055385869138	0.04338728739510026	98612
1.4	115.98311311086364	0.2260606060606059	0.3818096143329407	0.06880565353380019	80325
1.4	115.98311311086364	0.2357575757575756	0.38180961453415185	0.06880565333284638	81289
1.4	115.98311311086364	0.2454545454545453	0.3818096146331605	0.06880565323396434	82225
1.4	115.98311311086364	0.255151515151515	0.38180961462996665	0.06880565323715408	83135
1.4	115.98311311086364	0.2648484848484847	0.38180961452457035	0.06880565334241562	84020
1.4	115.98311311086364	0.2745454545454544	0.3818096143169716	0.06880565354974891	84883
1.4	131.10356448088388	0.2260606060606059	0.38225361676215075	0.06836221890728399	81612
1.4	131.10356448088388	0.2357575757575756	0.38225361721908907	0.06836221845093	82591
1.4	131.10356448088388	0.2454545454545453	0.38225361744393194	0.06836221822637464	83542
1.4	131.10356448088388	0.255151515151515	0.38225361743667896	0.06836221823361836	84466
1.4	131.10356448088388	0.2648484848484847	0.3822536171973301	0.06836221847266115	85366
1.4	131.10356448088388	0.2745454545454544	0.3822536167258858	0.06836221894350253	86242
1.4	148.19523427659504	0.2260606060606059	0.36976455217396637	0.04453340309001987	82898
1.4	148.19523427659504	0.2357575757575756	0.36976446720158135	0.04453336348544645	83893
1.4	148.19523427659504	0.2454545454545453	0.36976437608026	0.04453332101493022	84859
1.4	148.19523427659504	0.255151515151515	0.36976427884032076	0.044533275692602126	85798
1.4	148.19523427659504	0.2648484848484847	0.3697641755138981	0.04453322753343973	86712
1.4	148.19523427659504	0.2745454545454544	0.36976406613489216	0.044533176553243396	87602
1.4	167.51510570482716	0.2260606060606059	0.36869385642074837	0.0440343650962047	84185
1.4	167.51510570482716	0.2357575757575756	0.3686938522538215	0.044034363154051855	85195
1.4	167.51510570482716	0.2454545454545453	0.3686938477782506	0.044034361068043835	86176
1.4	167.51510570482716	0.255151515151515	0.3686938429940393	0.044034358838182366	87129
1.4	167.51510570482716	0.2648484848484847	0.3686938379011916	0.04403435646446928	88057
1.4	167.51510570482716	0.2745454545454544	0.36869383249971155	0.044034353946906524	88961
1.4	189.3536642813032	0.2260606060606059	0.36736639693788464	0.04341565271669989	85471
1.4	189.3536642813032	0.2357575757575756	0.36736639502562146	0.043415651825417775	86497
1.4	189.3536642813032	0.2454545454545453	0.3673663929717108	0.04341565086811553	87493
1.4	189.3536642813032	0.255151515151515	0.3673663907761531	0.04341564984479333	88461
1.4	189.3536642813032	0.2648484848484847	0.3673663884389486	0.04341564875545135	89403
1.4	189.3536642813032	0.2745454545454544	0.3673663859600978	0.04341564760008978	90321
1.4500000000000002	115.51755154456384	0.2339999999999999	0.3817959367777761	0.06881931359772561	74866
1.4500000000000002	115.51755154456384	0.2435714285714286	0.38179593689246316	0.06881931348318529	75717
1.4500000000000002	115.51755154456384	0.2531428571428572	0.38179593690926444	0.06881931346640549	76545
1.4500000000000002	115.51755154456384	0.2627142857142857	0.38179593682817997	0.06881931354738624	77350
1.4500000000000002	115.51755154456384	0.2722857142857143	0.38179593664920985	0.0688193137261275	78135
1.4500000000000002	130.5510514590151	0.2339999999999999	0.38223737851336714	0.068378436390142	76044
1.4500000000000002	130.5510514590151	0.2435714285714286	0.38223737876653685	0.06837843613729608	76908
1.4500000000000002	130.5510514590151	0.2531428571428572	0.3822373788036254	0.06837843610025493	77749
1.4500000000000002	130.5510514590151	0.2627142857142857	0.3822373786246328	0.06837843627901866	78567
1.4500000000000002	130.5510514590151	0.2722857142857143	0.3822373782295593	0.06837843667358691	79363
1.4500000000000002	147.54101700709464	0.2339999999999999	0.3697265458935445	0.044515688834707745	77221
1.4500000000000002	147.54101700709464	0.2435714285714286	0.3697264932193847	0.044515664283936024	78099
1.4500000000000002	147.54101700709464	0.2531428571428572	0.36972643694541524	0.0445156380553377	78952
1.4500000000000002	147.54101700709464	0.2627142857142857	0.3697263770781467	0.04451561015194731	79783
1.4500000000000002	147.54101700709464	0.2722857142857143	0.3697263136244882	0.044515580576985125	80592
1.4500000000000002	166.74206340131775	0.2339999999999999	0.3687407625213295	0.04405622744716794	78398
1.4500000000000002	166.74206340131775	0.2435714285714286	0.36874075797131395	0.04405622532646222	79290
1.4500000000000002	166.74206340131775	0.2531428571428572	0.3687407531075255	0.044056223059510825	80156
1.4500000000000002	166.74206340131775	0.2627142857142857	0.36874074792996836	0.04405622064631573	80999
1.4500000000000002	166.74206340131775	0.2722857142857143	0.368740742438647	0.04405621808687904	81821
1.4500000000000002	188.4419415788092	0.2339999999999999	0.3674217852335525	0.04344146851345436	79576
1.4500000000000002	188.4419415788092	0.2435714285714286	0.36742178318625623	0.043441467559234975	80480
1.4500000000000002	188.4419415788092	0.2531428571428572	0.367421780997769	0.04344146653920826	81360
1.4500000000000002	188.4419415788092	0.2627142857142857	0.3674217786680913	0.04344146545337439	82216
1.4500000000000002	188.4419415788092	0.2722857142857143	0.3674217761972234	0.04344146430173357	83050
1.5000000000000002	115.09381198485028	0.2324324324324325	0.38178348468042306	0.06883174977098923	69281
1.5000000000000002	115.09381198485028	0.241891891891892	0.3817834848082064	0.0688317496433693	70059
1.5000000000000002	115.09381198485028	0.2513513513513515	0.38178348484183355	0.06883174960978511	70815
1.5000000000000002	115.09381198485028	0.260810810810811	0.38178348478130464	0.06883174967023666	71552
1.5000000000000002	115.09381198485028	0.2702702702702704	0.38178348462661954	0.06883174982472393	72269
1.5000000000000002	130.04826817088951	0.2324324324324325	0.3822225955048528	0.06839320049373258	70351
1.5000000000000002	130.04826817088951	0.241891891891892	0.3822225957801528	0.06839320021878473	71141
1.5000000000000002	130.04826817088951	0.2513513513513515	0.38222259585260016	0.06839320014643	71909
1.5000000000000002	130.04826817088951	0.260810810810811	0.38222259572219486	0.06839320027666851	72657
1.5000000000000002	130.04826817088951	0.2702702702702704	0.38222259538893716	0.06839320060950005	73385
1.5000000000000002	146.94579806318126	0.2324324324324325	0.369690943033203	0.0444990947836475	71421
1.5000000000000002	146.94579806318126	0.241891891891892	0.36969090580307673	0.044499077431147976	72223
1.5000000000000002	146.94579806318126	0.2513513513513515	0.3696908660172508	0.04449905888746862	73003
1.5000000000000002	146.94579806318126	0.260810810810811	0.36969082367809186	0.04449903915371244	73762
1.5000000000000002	146.94579806318126	0.2702702702702704	0.3696907787881151	0.044499018231051755	74502
1.5000000000000002	166.03887058342812	0.2324324324324325	0.3687834116794304	0.04407610569010729	72491
1.5000000000000002	166.03887058342812	0.241891891891892	0.3687834070523476	0.04407610353348145	73306
1.5000000000000002	166.03887058342812	0.2513513513513515	0.3687834021061785	0.04407610122813345	74097
1.5000000000000002	166.03887058342812	0.260810810810811	0.3687833968409276	0.04407609877406541	74868
1.5000000000000002	166.03887058342812	0.2702702702702704	0.36878339125659987	0.0440760961712796	75618
1.5000000000000002	187.61275863612488	0.2324324324324325	0.36747215244496173	0.04346494404519171	73562
1.5000000000000002	187.61275863612488	0.241891891891892	0.36747215040238174	0.04346494309317053	74388
1.5000000000000002	187.61275863612488	0.2513513513513515	0.3674721482189361	0.04346494207549364	75191
1.5000000000000002	187.61275863612488	0.260810810810811	0.36747214589462524	0.04346494099216121	75973
1.5000000000000002	187.61275863612488	0.2702702702702704	0.36747214342944956	0.04346493984317344	76735
1.55	114.70873606665988	0.2344736842105262	0.33023364155506557	0.09336823180695876	64284
1.55	114.70873606665988	0.2440789473684209	0.3302336421052337	0.09336823148801494	65006
1.55	114.70873606665988	0.2536842105263157	0.33023364216261325	0.09336823145475086	65707
1.55	114.70873606665988	0.2632894736842104	0.33023364172720404	0.09336823170716653	66389
1.55	114.70873606665988	0.2728947368421051	0.3302336407990064	0.09336823224526185	67054
1.55	129.5914410372836	0.2344736842105262	0.3822091578426872	0.0684066209714409	65260
1.55	129.5914410372836	0.2440789473684209	0.3822091580682271	0.06840662074618949	65992
1.55	129.5914410372836	0.2536842105263157	0.38220915809174966	0.068406620722697	66704
1.55	129.5914410372836	0.2632894736842104	0.3822091579132549	0.06840662090096349	67397
1.55	129.5914410372836	0.2728947368421051	0.38220915753274315	0.06840662128098865	68072
1.55	146.40507921175603	0.2344736842105262	0.3696582578932921	0.04448386064584533	66236
1.55	146.40507921175603	0.2440789473684209	0.36965822727577385	0.044483846375400315	66979
1.55	146.40507921175603	0.2536842105263157	0.3696581945531204	0.04448383112377791	67702
1.55	146.40507921175603	0.2632894736842104	0.36965815972661087	0.044483814891574325	68405
1.55	146.40507921175603	0.2728947368421051	0.36965812279760546	0.04448379767942353	69090
1.55	165.4001764887686	0.2344736842105262	0.3688221225149263	0.04409414832978969	67211
1.55	165.4001764887686	0.2440789473684209	0.3688221175589789	0.04409414601988415	67966
1.55	165.4001764887686	0.2536842105263157	0.36882211226126926	0.04409414355068748	68699
1.55	165.4001764887686	0.2632894736842104	0.3688221066218028	0.04409414092220221	69413
1.55	165.4001764887686	0.2728947368421051	0.3688221006405854	0.04409413813443103	70107
1.55	186.8597628566364	0.2344736842105262	0.367517882002103	0.04348625802386888	68187
1.55	186.8597628566364	0.2440789473684209	0.36751787985423146	0.04348625702277263	68953
1.55	186.8597628566364	0.2536842105263157	0.36751787755823306	0.043486255952636305	69696
1.55	186.8597628566364	0.2632894736842104	0.3675178751141083	0.04348625481346009	70420
1.55	186.8597628566364	0.2728947368421051	0.3675178725218576	0.04348625360524422	71125
1.6	114.35950717960834	0.2338845360459197	0.3302851713923732	0.09333835889877913	42931
1.6	114.35950717960834	0.2434477171920568	0.3302851719786632	0.09333835855889475	43409
1.6	114.35950717960834	0.2530108983381939	0.3302851720702593	0.09333835850579457	43873
1.6	114.35950717960834	0.262574079484331	0.33028517166716165	0.09333835873947861	44324
1.6	114.35950717960834	0.2721372606304681	0.3302851707693702	0.09333835925994681	44764
1.6	129.17720660530398	0.2338845360459197	0.38219696674635134	0.06841879647746268	43572
1.6	129.17720660530398	0.2434477171920568	0.3821969669765539	0.06841879624755447	44056
1.6	129.17720660530398	0.2530108983381939	0.38219696701251854	0.06841879621163588	44527
1.6	129.17720660530398	0.262574079484331	0.38219696685424503	0.06841879636970695	44986
1.6	129.17720660530398	0.2721372606304681	0.38219696650173374	0.06841879672176746	45432
1.6	145.91485323683554	0.2338845360459197	0.38251691914877034	0.06809925323910235	44212
1.6	145.91485323683554	0.2434477171920568	0.3825169202349455	0.06809925215431623	44704
1.6	145.91485323683554	0.2530108983381939	0.38251692040463997	0.06809925198483874	45182
1.6	145.91485323683554	0.262574079484331	0.3825169196578484	0.0680992527306753	45647
1.6	145.91485323683554	0.2721372606304681	0.38251691799459464	0.06809925439180207	46100
1.6	164.821216951854	0.2338845360459197	0.3688571869711133	0.044110491437359865	44853
1.6	164.821216951854	0.2434477171920568	0.36885718187953365	0.04411048906423782	45352
1.6	164.821216951854	0.2530108983381939	0.36885717643684035	0.04411048652746607	45837
1.6	164.821216951854	0.262574079484331	0.3688571706430394	0.04411048382704739	46308
1.6	164.821216951854	0.2721372606304681	0.3688571644981371	0.04411048096298473	46768
1.6	186.1773010414281	0.2338845360459197	0.36755931880961934	0.04350557120525669	45493
1.6	186.1773010414281	0.2434477171920568	0.36755931664149716	0.04350557019472188	45999
1.6	186.1773010414281	0.2530108983381939	0.36755931432385164	0.04350556911449607	46491
1.6	186.1773010414281	0.262574079484331	0.3675593118566832	0.04350556796457951	46970
1.6	186.1773010414281	0.2721372606304681	0.36755930923999236	0.04350556674497239	47436
1.65	114.03368917733864	0.2330777780421886	0.3303332187607157	0.09331050484959595	39987
1.65	114.03368917733864	0.2425833336166306	0.3303332193939462	0.09331050448249917	40428
1.65	114.03368917733864	0.2520888891910727	0.33033321953256023	0.09331050440214177	40856
1.65	114.03368917733864	0.2615944447655147	0.3303332191765577	0.09331050460852375	41272
1.65	114.03368917733864	0.2711000003399568	0.3303332183259388	0.09331050510164506	41678
1.65	128.790797788822	0.2330777780421886	0.38218558891604415	0.06843015975748307	40574
1.65	128.790797788822	0.2425833336166306	0.3821855891550312	0.06843015951880162	41021
1.65	128.790797788822	0.2520888891910727	0.3821855892073454	0.06843015946655429	41455
1.65	128.790797788822	0.2615944447655147	0.3821855890729868	0.06843015960074114	41878
1.65	128.790797788822	0.2711000003399568	0.38218558875195535	0.06843015992136198	42289
1.65	145.45762497682605	0.2330777780421886	0.38253006916940446	0.06808612003508148	41161
1.65	145.45762497682605	0.2425833336166306	0.38253007053774535	0.06808611866849047	41614
1.65	145.45762497682605	0.2520888891910727	0.3825300708372783	0.06808611836934059	42055
1.65	145.45762497682605	0.2615944447655147	0.3825300700679901	0.06808611913764498	42483
1.65	145.45762497682605	0.2711000003399568	0.38253006822991464	0.06808612097336986	42901
1.65	164.28130757130282	0.2330777780421886	0.3688898598864941	0.044125719877460355	41747
1.65	164.28130757130282	0.2425833336166306	0.3688898546793364	0.0441257174504688	42207
1.65	164.28130757130282	0.2520888891910727	0.3688898491130966	0.04412571485611355	42654
1.65	164.28130757130282	0.2615944447655147	0.3688898431877811	0.044125712094397605	43089
1.65	164.28130757130282	0.2711000003399568	0.3688898369033969	0.04412570916532417	43512
1.65	185.54096439864688	0.2330777780421886	0.3675979459810927	0.04352357485017719	42334
1.65	185.54096439864688	0.2425833336166306	0.36759794380177957	0.043523573834426406	42800
1.65	185.54096439864688	0.2520888891910727	0.36759794147217134	0.04352357274862495	43253
1.65	185.54096439864688	0.2615944447655147	0.36759793899226856	0.04352357159277304	43694
1.65	185.54096439864688	0.2711000003399568	0.3675979363620716	0.04352357036687091	44124
1.7000000000000002	184.96657361498825	0.3267503200659271	0.36763277314347387	0.04353980735805138	43315
1.7000000000000002	184.96657361498825	0.3361982500686741	0.36763276944776685	0.04353980563552823	43652
1.7000000000000002	184.96657361498825	0.3456461800714211	0.36763276560122127	0.0435398038427011	43982
1.7000000000000002	184.96657361498825	0.355094110074168	0.3676327616038379	0.043539801979570365	44306
1.7000000000000002	184.96657361498825	0.3645420400769149	0.36763275745561763	0.04353980004613642	44624
1.7000000000000002	184.96657361498825	0.373989970079662	0.3676327531565613	0.043539798042399644	44935
1.7000000000000002	184.96657361498825	0.3834379000824089	0.3676327487066698	0.04353979596836047	45241
1.7000000000000002	184.96657361498825	0.3928858300851559	0.367632744105944	0.04353979382401932	45542
1.7000000000000002	184.96657361498825	0.4023337600879029	0.3676327393543849	0.043539791609376634	45837
1.7000000000000002	184.96657361498825	0.4117816900906498	0.36763273445199346	0.04353978932443287	46127
1.7000000000000002	184.96657361498825	0.4212296200933968	0.36763272939877073	0.04353978696918852	46413
1.7000000000000002	208.8761258462974	0.3267503200659271	0.46941924926337686	0.04346777781778029	43906
1.7000000000000002	208.8761258462974	0.3361982500686741	0.46941924794516166	0.04346777803991011	44247
1.7000000000000002	208.8761258462974	0.3456461800714211	0.4694192472992229	0.04346777814875596	44582
1.7000000000000002	208.8761258462974	0.355094110074168	0.46941924732556095	0.043467778144317785	44910
1.7000000000000002	208.8761258462974	0.3645420400769149	0.4694192480241758	0.0434677780265956	45232
1.7000000000000002	208.8761258462974	0.373989970079662	0.469419249395067	0.04346777779558945	45548
1.7000000000000002	208.8761258462974	0.3834379000824089	0.4746259193112416	0.04304128322058266	45858
1.7000000000000002	208.8761258462974	0.3928858300851559	0.4746259184103094	0.04304128336732439	46163
1.7000000000000002	208.8761258462974	0.4023337600879029	0.4746259182284046	0.043041283396952616	46462
1.7000000000000002	208.8761258462974	0.4117816900906498	0.47462591876552745	0.043041283309467306	46757
1.7000000000000002	208.8761258462974	0.4212296200933968	0.4746259200216776	0.04304128310486851	47046
1.7000000000000002	235.87632671064893	0.3267503200659271	0.4660686046916867	0.04403238825644766	44497
1.7000000000000002	235.87632671064893	0.3361982500686741	0.4660685968508714	0.044032389577687826	44843
1.7000000000000002	235.87632671064893	0.3456461800714211	0.4660685930087606	0.04403239022511426	45182
1.7000000000000002	235.87632671064893	0.355094110074168	0.46606859316542243	0.04403239019871549	45515
1.7000000000000002	235.87632671064893	0.3645420400769149	0.46606859732085404	0.04403238949849199	45841
1.7000000000000002	235.87632671064893	0.373989970079662	0.4660686054749819	0.04403238812445615	46161
1.7000000000000002	235.87632671064893	0.3834379000824089	0.4710422623827957	0.04362498086225519	46476
1.7000000000000002	235.87632671064893	0.3928858300851559	0.47104225702396696	0.04362498173508865	46784
1.7000000000000002	235.87632671064893	0.4023337600879029	0.47104225594197596	0.043624981911320804	47088
1.7000000000000002	235.87632671064893	0.4117816900906498	0.4710422591368418	0.04362498139094855	47386
1.7000000000000002	235.87632671064893	0.4212296200933968	0.47104226660850784	0.043624980173981094	47679
1.7000000000000002	266.3666863653437	0.3267503200659271	0.47137729206714507	0.043137831927456446	45088
1.7000000000000002	266.3666863653437	0.3361982500686741	0.47137729118013344	0.043137832076925016	45439
1.7000000000000002	266.3666863653437	0.3456461800714211	0.4713772907454888	0.04313783215016611	45782
1.7000000000000002	266.3666863653437	0.355094110074168	0.4713772907632114	0.043137832147179714	46119
1.7000000000000002	266.3666863653437	0.3645420400769149	0.4713772912333011	0.043137832067965835	46450
1.7000000000000002	266.3666863653437	0.373989970079662	0.47137729215575785	0.04313783191252448	46774
1.7000000000000002	266.3666863653437	0.3834379000824089	0.47672012664835633	0.04270018363759962	47093
1.7000000000000002	266.3666863653437	0.3928858300851559	0.4767201260421296	0.042700183736340415	47406
1.7000000000000002	266.3666863653437	0.4023337600879029	0.476720125919728	0.0427001837562769	47713
1.7000000000000002	266.3666863653437	0.4117816900906498	0.4767201262811517	0.04270018369740906	48015
1.7000000000000002	266.3666863653437	0.4212296200933968	0.47672012712640044	0.04270018355973692	48313
1.7000000000000002	300.7983573200619	0.3267503200659271	0.4773741222034116	0.04212731803336614	45949
1.7000000000000002	300.7983573200619	0.3361982500686741	0.4773741217603119	0.042127318108031976	46304
1.7000000000000002	300.7983573200619	0.3456461800714211	0.4773741215431887	0.04212731814461898	46652
1.7000000000000002	300.7983573200619	0.355094110074168	0.47737412155204184	0.04212731814312715	46993
1.7000000000000002	300.7983573200619	0.3645420400769149	0.47737412178687144	0.042127318103556494	47327
1.7000000000000002	300.7983573200619	0.373989970079662	0.4773741222476774	0.042127318025906996	47655
1.7000000000000002	300.7983573200619	0.3834379000824089	0.4831339824896078	0.04165550983000121	47978
1.7000000000000002	300.7983573200619	0.3928858300851559	0.48313398218677206	0.04165550987932638	48294
1.7000000000000002	300.7983573200619	0.4023337600879029	0.4831339821256273	0.04165550988928549	48605
1.7000000000000002	300.7983573200619	0.4117816900906498	0.4831339823061736	0.04165550985987854	48911
1.7000000000000002	300.7983573200619	0.4212296200933968	0.48313398272841096	0.041655509791105515	49211
1.7500000000000002	208.26847962181287	0.3253673063452452	0.46952497327467363	0.04344996247535326	40977
1.7500000000000002	208.26847962181287	0.3347576107762971	0.46952497190071574	0.04344996270687616	41293
1.7500000000000002	208.26847962181287	0.344147915207349	0.4695249711738727	0.04344996282935503	41603
1.7500000000000002	208.26847962181287	0.3535382196384009	0.46952497109414487	0.04344996284278981	41906
1.7500000000000002	208.26847962181287	0.3629285240694528	0.46952497166153223	0.0434499627471805	42204
1.7500000000000002	208.26847962181287	0.3723188285005046	0.46952497287603456	0.04344996254252713	42496
1.7500000000000002	208.26847962181287	0.3817091329315565	0.4747389954761182	0.04302286563985836	42783
1.7500000000000002	208.26847962181287	0.3910994373626084	0.47473899447404055	0.04302286580307442	43064
1.7500000000000002	208.26847962181287	0.4004897417936602	0.47473899416407905	0.04302286585356022	43341
1.7500000000000002	208.26847962181287	0.4098800462247122	0.4747389945462338	0.043022865791315756	43613
1.7500000000000002	208.26847962181287	0.4192703506557639	0.47473899562050464	0.043022865616341034	43881
1.7500000000000002	235.16272743149003	0.3253673063452452	0.4659440213864931	0.044053381540901146	41520
1.7500000000000002	235.16272743149003	0.3347576107762971	0.4659440111087003	0.04405338327279153	41840
1.7500000000000002	235.16272743149003	0.344147915207349	0.4659440056715275	0.04405338418899868	42154
1.7500000000000002	235.16272743149003	0.3535382196384009	0.4659440050751176	0.04405338428949852	42462
1.7500000000000002	235.16272743149003	0.3629285240694528	0.46594400931948626	0.044053383574288424	42763
1.7500000000000002	235.16272743149003	0.3723188285005046	0.46594401840452193	0.044053382043387164	43059
1.7500000000000002	235.16272743149003	0.3817091329315565	0.47090901382130285	0.04364668407566333	43350
1.7500000000000002	235.16272743149003	0.3910994373626084	0.4709090063252557	0.04364668529660193	43635
1.7500000000000002	235.16272743149003	0.4004897417936602	0.47090900400656793	0.04364668567426435	43916
1.7500000000000002	235.16272743149003	0.4098800462247122	0.4709090068653007	0.04364668520864066	44191
1.7500000000000002	235.16272743149003	0.4192703506557639	0.47090901490137876	0.04364668389974309	44462
1.7500000000000002	265.52989906795915	0.3253673063452452	0.47123148376567064	0.04316240179373005	42220
1.7500000000000002	265.52989906795915	0.3347576107762971	0.47123148279319477	0.04316240195760002	42544
1.7500000000000002	265.52989906795915	0.344147915207349	0.47123148227874145	0.04316240204428953	42862
1.7500000000000002	265.52989906795915	0.3535382196384009	0.47123148222231076	0.04316240205379856	43173
1.7500000000000002	265.52989906795915	0.3629285240694528	0.47123148262390274	0.04316240198612709	43478
1.7500000000000002	265.52989906795915	0.3723188285005046	0.4712314834835173	0.04316240184127516	43778
1.7500000000000002	265.52989906795915	0.3817091329315565	0.47656417866255724	0.0427255840800393	44072
1.7500000000000002	265.52989906795915	0.3910994373626084	0.47656417795329514	0.042725584195562244	44361
1.7500000000000002	265.52989906795915	0.4004897417936602	0.476564177733907	0.04272558423129567	44645
1.7500000000000002	265.52989906795915	0.4098800462247122	0.4765641780043929	0.04272558418723956	44924
1.7500000000000002	265.52989906795915	0.4192703506557639	0.4765641787647527	0.04272558406339393	45198
1.7500000000000002	299.8184621735228	0.3253673063452452	0.47720342084031053	0.04215608257984055	43105
1.7500000000000002	299.8184621735228	0.3347576107762971	0.4772034203595018	0.04215608266086067	43433
1.7500000000000002	299.8184621735228	0.344147915207349	0.47720342010514727	0.04215608270372144	43754
1.7500000000000002	299.8184621735228	0.3535382196384009	0.477203420077247	0.042156082708422866	44069
1.7500000000000002	299.8184621735228	0.3629285240694528	0.4772034202758009	0.042156082674964936	44377
1.7500000000000002	299.8184621735228	0.3723188285005046	0.47720342070080907	0.04215608260334767	44680
1.7500000000000002	299.8184621735228	0.3817091329315565	0.48295141037588846	0.04168524674799893	44977
1.7500000000000002	299.8184621735228	0.3910994373626084	0.48295141002521713	0.04168524680511545	45269
1.7500000000000002	299.8184621735228	0.4004897417936602	0.4829514099167479	0.041685246822782664	45556
1.7500000000000002	299.8184621735228	0.4098800462247122	0.48295141005048076	0.041685246801000574	45838
1.7500000000000002	299.8184621735228	0.4192703506557639	0.48295141042641565	0.04168524673976918	46115
1.8	207.7244692375384	0.3333169714839202	0.4696196361812669	0.043434011017634125	38608
1.8	207.7244692375384	0.342649650343277	0.46961963537666773	0.043434011153215525	38895
1.8	207.7244692375384	0.3519823292026338	0.469619635196955	0.04343401118349857	39176
1.8	207.7244692375384	0.3613150080619906	0.46961963564212866	0.04343401110848324	39452
1.8	207.7244692375384	0.3706476869213473	0.4696196367121886	0.04343401092816957	39722
1.8	207.7244692375384	0.3799803657807042	0.47484024287058096	0.04300637470153659	39988
1.8	207.7244692375384	0.389313044640061	0.47484024177108475	0.04300637488061995	40249
1.8	207.7244692375384	0.3986457234994178	0.47484024133993	0.04300637495084542	40505
1.8	207.7244692375384	0.4079784023587745	0.474840241577117	0.043006374912212965	40757
1.8	207.7244692375384	0.4173110812181314	0.4748402424826455	0.043006374764722605	41005
1.8	234.5239305853984	0.3333169714839202	0.46583241515993457	0.0440721880836982	39173
1.8	234.5239305853984	0.342649650343277	0.46583240744520293	0.04407218938369225	39464
1.8	234.5239305853984	0.3519823292026338	0.4658324057220461	0.04407218967405798	39749
1.8	234.5239305853984	0.3613150080619906	0.46583240999053427	0.04407218895478355	40028
1.8	234.5239305853984	0.3706476869213473	0.46583242025049343	0.04407218722589827	40302
1.8	234.5239305853984	0.3799803657807042	0.47078965888667723	0.04366612432768911	40571
1.8	234.5239305853984	0.389313044640061	0.4707896483444611	0.043666126044780575	40835
1.8	234.5239305853984	0.3986457234994178	0.4707896442103894	0.04366612671812849	41095
1.8	234.5239305853984	0.4079784023587745	0.47078964648463056	0.04366612634770541	41350
1.8	234.5239305853984	0.4173110812181314	0.470789655167092	0.043666124933526444	41601
1.8	264.7809101118901	0.3333169714839202	0.4711009758771805	0.04318439341790666	39992
1.8	264.7809101118901	0.342649650343277	0.47110097528133454	0.04318439351831147	40286
1.8	264.7809101118901	0.3519823292026338	0.4711009751482482	0.04318439354073758	40574
1.8	264.7809101118901	0.3613150080619906	0.4711009754779216	0.04318439348518498	40856
1.8	264.7809101118901	0.3706476869213473	0.4711009762703546	0.04318439335165368	41133
1.8	264.7809101118901	0.3799803657807042	0.47642459623388667	0.04274831893888899	41404
1.8	264.7809101118901	0.389313044640061	0.47642459541965465	0.04274831907150918	41671
1.8	264.7809101118901	0.3986457234994178	0.47642459510036306	0.04274831912351466	41934
1.8	264.7809101118901	0.4079784023587745	0.47642459527601183	0.04274831909490539	42192
1.8	264.7809101118901	0.4173110812181314	0.476424595946601	0.0427483189856814	42445
1.8	298.9414776764184	0.3333169714839202	0.4770506483029061	0.04218182597563043	40810
1.8	298.9414776764184	0.342649650343277	0.4770506480111192	0.04218182602479886	41107
1.8	298.9414776764184	0.3519823292026338	0.47705064794594654	0.042181826035780974	41397
1.8	298.9414776764184	0.3613150080619906	0.47705064810738823	0.042181826008576756	41682
1.8	298.9414776764184	0.3706476869213473	0.47705064849544426	0.04218182594318621	41962
1.8	298.9414776764184	0.3799803657807042	0.4827880144333222	0.04171186029618144	42237
1.8	298.9414776764184	0.389313044640061	0.48278801403459115	0.04171186036112581	42506
1.8	298.9414776764184	0.3986457234994178	0.4827880138782334	0.041711860386593	42771
1.8	298.9414776764184	0.4079784023587745	0.482788013964249	0.04171186037258299	43031
1.8	298.9414776764184	0.4173110812181314	0.48278801429263785	0.041711860319095774	43287
1.85	207.24009256206884	0.3318763321915432	0.46970393559805673	0.04341980589092649	36161
1.85	207.24009256206884	0.341151385479205	0.4697039347181857	0.0434198060391918	36427
1.85	207.24009256206884	0.3504264387668667	0.4697039344434433	0.043419806085488094	36688
1.85	207.24009256206884	0.3597014920545284	0.46970393477382966	0.04341980602981535	36944
1.85	207.24009256206884	0.3689765453421901	0.46970393570934466	0.04341980587217359	37195
1.85	207.24009256206884	0.3782515986298519	0.4749304046238231	0.04299168936647598	37442
1.85	207.24009256206884	0.3875266519175136	0.47493040342983245	0.042991689560950376	37684
1.85	207.24009256206884	0.3968017052051753	0.4749304028830516	0.04299168965000876	37921
1.85	207.24009256206884	0.4060767584928371	0.4749304029834807	0.04299168963365111	38155
1.85	207.24009256206884	0.4153518117804989	0.4749304037311197	0.042991689511877415	38385
1.85	207.24009256206884	0.4246268650681605	0.47493040512596835	0.04299168928468774	38611
1.85	233.95521412513543	0.3318763321915432	0.4657329898335189	0.04408894204728971	36898
1.85	233.95521412513543	0.341151385479205	0.46573297872398184	0.04408894391933566	37167
1.85	233.95521412513543	0.3504264387668667	0.4657329752549217	0.04408894450390008	37430
1.85	233.95521412513543	0.3597014920545284	0.4657329794265712	0.04408894380094373	37689
1.85	233.95521412513543	0.3689765453421901	0.4657329912386504	0.0440889418105138	37943
1.85	233.95521412513543	0.3782515986298519	0.47068332178655514	0.0436834442653402	38192
1.85	233.95521412513543	0.3875266519175136	0.4706833067110583	0.043683446720801794	38436
1.85	233.95521412513543	0.3968017052051753	0.47068329980711815	0.043683447845299386	38677
1.85	233.95521412513543	0.4060767584928371	0.470683301075198	0.04368344763875751	38913
1.85	233.95521412513543	0.4153518117804989	0.4706833105152127	0.043683446101190036	39145
1.85	233.95521412513543	0.4246268650681605	0.47068332812652885	0.043683443232700146	39374
1.85	264.1141563857617	0.3318763321915432	0.4709848026550656	0.04320396953602253	37653
1.85	264.1141563857617	0.341151385479205	0.47098480197668285	0.04320396965033545	37925
1.85	264.1141563857617	0.3504264387668667	0.4709848017648558	0.043203969686030005	38191
1.85	264.1141563857617	0.3597014920545284	0.4709848020195845	0.04320396964310618	38452
1.85	264.1141563857617	0.3689765453421901	0.4709848027408688	0.043203969521563995	38708
1.85	264.1141563857617	0.3782515986298519	0.476300344285223	0.04276855680508441	38960
1.85	264.1141563857617	0.3875266519175136	0.47630034336465327	0.04276855695502465	39207
1.85	264.1141563857617	0.3968017052051753	0.4763003429430839	0.04276855702368888	39450
1.85	264.1141563857617	0.4060767584928371	0.476300343020515	0.04276855701107709	39688
1.85	264.1141563857617	0.4153518117804989	0.4763003435969465	0.042768556917189275	39923
1.85	264.1141563857617	0.4246268650681605	0.4763003446723783	0.04276855674202546	40153
1.85	298.1608589670165	0.3318763321915432	0.47691466602683374	0.04220474007794761	38407
1.85	298.1608589670165	0.341151385479205	0.4769146656975473	0.04220474013343501	38681
1.85	298.1608589670165	0.3504264387668667	0.4769146655947266	0.042204740150761116	38950
1.85	298.1608589670165	0.3597014920545284	0.4769146657183717	0.04220474012992593	39214
1.85	298.1608589670165	0.3689765453421901	0.47691466606848254	0.04220474007092945	39473
1.85	298.1608589670165	0.3782515986298519	0.4826425758518635	0.0417355489914725	39727
1.85	298.1608589670165	0.3875266519175136	0.48264257540501965	0.04173554906425337	39976
1.85	298.1608589670165	0.3968017052051753	0.4826425752003903	0.04173554909758293	40221
1.85	298.1608589670165	0.4060767584928371	0.4826425752379752	0.041735549091461176	40462
1.85	298.1608589670165	0.4153518117804989	0.4826425755177746	0.04173554904588811	40698
1.85	298.1608589670165	0.4246268650681605	0.4826425760397884	0.04173554896086373	40931
1.9	206.81172188379583	0.3304356928991662	0.4697785002864601	0.04340724114389714	34106
1.9	206.81172188379583	0.3396531206151329	0.4697784993332616	0.04340724130451873	34353
1.9	206.81172188379583	0.3488705483310995	0.4697784989675381	0.043407241366146064	34595
1.9	206.81172188379583	0.3580879760470662	0.4697784991892898	0.04340724132877913	34833
1.9	206.81172188379583	0.3673054037630329	0.46977849999851656	0.043407241192417935	35066
1.9	206.81172188379583	0.3765228314789995	0.47501015469157726	0.04297869986234632	35294
1.9	206.81172188379583	0.3857402591949662	0.4750101534053627	0.04297870007184194	35519
1.9	206.81172188379583	0.3949576869109328	0.47501015274747654	0.04297870017899689	35739
1.9	206.81172188379583	0.4041751146268995	0.4750101527179192	0.04297870018381112	35956
1.9	206.81172188379583	0.4133925423428661	0.4750101533166906	0.04297870008628464	36170
1.9	206.81172188379583	0.4226099700588327	0.4750101545437905	0.04297869988641748	36379
1.9	233.4522997376952	0.3304356928991662	0.4656450040748629	0.04410376835211804	34805
1.9	233.4522997376952	0.3396531206151329	0.4656449875827275	0.044103771131174904	35054
1.9	233.4522997376952	0.3488705483310995	0.46564498125473636	0.044103772197492085	35299
1.9	233.4522997376952	0.3580879760470662	0.4656449850916505	0.04410377155094133	35539
1.9	233.4522997376952	0.3673054037630329	0.4656449990930085	0.044103769191600396	35774
1.9	233.4522997376952	0.3765228314789995	0.47058922132356334	0.04369877112821388	36005
1.9	233.4522997376952	0.3857402591949662	0.4705891990703135	0.04369877475277106	36231
1.9	233.4522997376952	0.3949576869109328	0.4705891876872916	0.04369877660681099	36454
1.9	233.4522997376952	0.4041751146268995	0.47058918717586645	0.04369877669011072	36673
1.9	233.4522997376952	0.4133925423428661	0.4705891975360996	0.04369877500266023	36888
1.9	233.4522997376952	0.4226099700588327	0.47058921876674514	0.04369877154466244	37100
1.9	263.52459984565724	0.3304356928991662	0.47088208669829845	0.04322127799717607	35502
1.9	263.52459984565724	0.3396531206151329	0.4708820859366869	0.04322127812551372	35754
1.9	263.52459984565724	0.3488705483310995	0.47088208564447154	0.04322127817475434	36001
1.9	263.52459984565724	0.3580879760470662	0.47088208582165253	0.04322127814489793	36243
1.9	263.52459984565724	0.3673054037630329	0.47088208646822977	0.043221278035944485	36481
1.9	263.52459984565724	0.3765228314789995	0.47619048544030945	0.042786450356273396	36714
1.9	263.52459984565724	0.3857402591949662	0.47619048441261597	0.0427864505236617	36943
1.9	263.52459984565724	0.3949576869109328	0.4761904838869609	0.04278645060927917	37167
1.9	263.52459984565724	0.4041751146268995	0.4761904838633444	0.04278645061312577	37388
1.9	263.52459984565724	0.4133925423428661	0.4761904843417664	0.04278645053520151	37606
1.9	263.52459984565724	0.4226099700588327	0.4761904853222269	0.04278645037550641	37819
1.9	297.47068159894667	0.3304356928991662	0.4767944419813467	0.04222499879223629	36199
1.9	297.47068159894667	0.3396531206151329	0.47679444161462387	0.042224998854032025	36453
1.9	297.47068159894667	0.3488705483310995	0.47679444147391953	0.04222499887774183	36702
1.9	297.47068159894667	0.3580879760470662	0.4767944415592338	0.0422249988633657	36947
1.9	297.47068159894667	0.3673054037630329	0.4767944418705666	0.042224998810903636	37186
1.9	297.47068159894667	0.3765228314789995	0.4825139913465837	0.04175649253433557	37421
1.9	297.47068159894667	0.3857402591949662	0.48251399085173996	0.041756492614934554	37652
1.9	297.47068159894667	0.3949576869109328	0.4825139905986323	0.04175649265616013	37879
1.9	297.47068159894667	0.4041751146268995	0.48251399058726074	0.04175649265801231	38102
1.9	297.47068159894667	0.4133925423428661	0.48251399081762525	0.041756492620491074	38321
1.9	297.47068159894667	0.4226099700588327	0.4825139912897259	0.04175649254359644	38537
1.95	206.43606047425936	0.3289950536067893	0.46984390314759095	0.04339622023812123	31658
1.95	206.43606047425936	0.3381548557510609	0.4698439021225625	0.04339622041084674	31884
1.95	206.43606047425936	0.3473146578953324	0.4698439016691645	0.04339622048724792	32105
1.95	206.43606047425936	0.356474460039604	0.4698439017873972	0.04339622046732477	32321
1.95	206.43606047425936	0.3656342621838756	0.4698439024772605	0.04339622035107728	32534
1.95	206.43606047425936	0.3747940643281472	0.4698439037387541	0.0433962201385055	32742
1.95	206.43606047425936	0.3839538664724188	0.47508010443850485	0.04296730661150439	32947
1.95	206.43606047425936	0.3931136686166903	0.4750801036731769	0.04296730673615921	33148
1.95	206.43606047425936	0.4022734707609618	0.47508010351923136	0.042967306761233504	33346
1.95	206.43606047425936	0.4114332729052334	0.47508010397666817	0.04296730668672726	33541
1.95	206.43606047425936	0.420593075049505	0.47508010504548726	0.04296730651264052	33732
1.95	233.0113012073573	0.3289950536067893	0.4655678268759504	0.044116773328086334	32293
1.95	233.0113012073573	0.3381548557510609	0.46556780100023426	0.044116777688351684	32521
1.95	233.0113012073573	0.3473146578953324	0.4655677895534919	0.04411677961721943	32744
1.95	233.0113012073573	0.356474460039604	0.46556779253853287	0.04411677911421612	32963
1.95	233.0113012073573	0.3656342621838756	0.4655678099546245	0.04411677617946524	33177
1.95	233.0113012073573	0.3747940643281472	0.4655678417974925	0.04411677081368701	33388
1.95	233.0113012073573	0.3839538664724188	0.4705066494756595	0.04371222023728105	33594
1.95	233.0113012073573	0.3931136686166903	0.470506630154497	0.043712223384266724	33797
1.95	233.0113012073573	0.4022734707609618	0.47050662626781004	0.04371222401732119	33997
1.95	233.0113012073573	0.4114332729052334	0.47050663781655266	0.04371222213628906	34193
1.95	233.0113012073573	0.420593075049505	0.4705066647978902	0.04371221774163203	34386
1.95	263.0076662265879	0.3289950536067893	0.4707920322364426	0.04323645289505751	32928
1.95	263.0076662265879	0.3381548557510609	0.4707920313913682	0.0432364530374593	33157
1.95	263.0076662265879	0.3473146578953324	0.4707920310175689	0.043236453100447485	33382
1.95	263.0076662265879	0.356474460039604	0.47079203111504464	0.04323645308402205	33603
1.95	263.0076662265879	0.3656342621838756	0.4707920316837954	0.04323645298818298	33819
1.95	263.0076662265879	0.3747940643281472	0.47079203272382114	0.043236452812930315	34032
1.95	263.0076662265879	0.3839538664724188	0.47609416745496314	0.04280213840399109	34240
1.95	263.0076662265879	0.3931136686166903	0.4760941668239963	0.04280213850676149	34445
1.95	263.0076662265879	0.4022734707609618	0.47609416669707744	0.04280213852743373	34646
1.95	263.0076662265879	0.4114332729052334	0.4760941670742066	0.04280213846600782	34844
1.95	263.0076662265879	0.420593075049505	0.4760941679553837	0.042802138322483765	35039
1.95	296.86556890388334	0.3289950536067893	0.476689039978483	0.042242759873664056	33561
1.95	296.86556890388334	0.3381548557510609	0.4766890395745119	0.042242759941736416	33793
1.95	296.86556890388334	0.3473146578953324	0.4766890393958246	0.04224275997184667	34020
1.95	296.86556890388334	0.356474460039604	0.4766890394424209	0.04224275996399481	34242
1.95	296.86556890388334	0.3656342621838756	0.476689039714301	0.04224275991818085	34460
1.95	296.86556890388334	0.3747940643281472	0.4766890402114647	0.04224275983440478	34674
1.95	296.86556890388334	0.3839538664724188	0.4824012590835064	0.041774854101140776	34885
1.95	296.86556890388334	0.3931136686166903	0.4824012587818852	0.04177485415026813	35091
1.95	296.86556890388334	0.4022734707609618	0.4824012587212142	0.04177485416015009	35294
1.95	296.86556890388334	0.4114332729052334	0.48240125890149327	0.041774854130786646	35494
1.95	296.86556890388334	0.420593075049505	0.48240125932272254	0.04177485406217781	35690
2.0	206.1101051554335	0.3275544143144123	0.4699006662792228	0.0433866551959435	30005
2.0	206.1101051554335	0.3366565908869888	0.4699006651834858	0.04338665538058396	30215
2.0	206.1101051554335	0.3457587674595652	0.46990066464510394	0.043386655471305616	30421
2.0	206.1101051554335	0.3548609440321417	0.46990066466407737	0.04338665546810844	30623
2.0	206.1101051554335	0.3639631206047183	0.46990066524040613	0.04338665537099243	30821
2.0	206.1101051554335	0.3730652971772948	0.46990066637409006	0.043386655179957614	31015
2.0	206.1101051554335	0.3821674737498713	0.4751408149339434	0.042957418228291425	31205
2.0	206.1101051554335	0.3912696503224477	0.4751408140641234	0.04295741836996567	31393
2.0	206.1101051554335	0.4003718268950242	0.47514081379041767	0.042957418414546214	31577
2.0	206.1101051554335	0.4094740034676008	0.4751408141128263	0.042957418362033054	31758
2.0	206.1101051554335	0.4185761800401772	0.47514081503134925	0.04295741821242619	31936
2.0	232.628679934583	0.3275544143144123	0.4655010026165356	0.04412803375085411	30595
2.0	232.628679934583	0.3366565908869888	0.46550095751203197	0.04412804135132412	30807
2.0	232.628679934583	0.3457587674595652	0.46550093534348114	0.04412804508690244	31014
2.0	232.628679934583	0.3548609440321417	0.46550093612481336	0.0441280449552417	31218
2.0	232.628679934583	0.3639631206047183	0.4655009598555375	0.04412804095642467	31417
2.0	232.628679934583	0.3730652971772948	0.4655010065207425	0.044128033092963995	31613
2.0	232.628679934583	0.3821674737498713	0.4704351675775255	0.04372386304132067	31806
2.0	232.628679934583	0.3912696503224477	0.47043513176607765	0.04372386887420536	31995
2.0	232.628679934583	0.4003718268950242	0.4704351204950477	0.0437238707100043	32180
2.0	232.628679934583	0.4094740034676008	0.47043513377152035	0.04372386854756356	32363
2.0	232.628679934583	0.4185761800401772	0.47043517158715054	0.04372386238824234	32543
2.0	262.55919226908406	0.3275544143144123	0.4707139149523689	0.043249616282902636	31184
2.0	262.55919226908406	0.3366565908869888	0.4707139140240552	0.04324961643933093	31398
2.0	262.55919226908406	0.3457587674595652	0.47071391356793546	0.043249616516190754	31607
2.0	262.55919226908406	0.3548609440321417	0.4707139135840099	0.04324961651348209	31812
2.0	262.55919226908406	0.3639631206047183	0.4707139140722784	0.04324961643120494	32013
2.0	262.55919226908406	0.3730652971772948	0.47071391503274096	0.04324961626935931	32211
2.0	262.55919226908406	0.3821674737498713	0.4760106178052845	0.04281574677511972	32405
2.0	262.55919226908406	0.3912696503224477	0.4760106170683688	0.042815746895146826	32595
2.0	262.55919226908406	0.4003718268950242	0.47601061683648394	0.04281574693291568	32783
2.0	262.55919226908406	0.4094740034676008	0.4760106171096301	0.04281574688842627	32967
2.0	262.55919226908406	0.4185761800401772	0.4760106178878072	0.04281574676167861	33148
2.0	296.34062947173834	0.3275544143144123	0.47659760830313097	0.042258166843046834	31772
2.0	296.34062947173834	0.3366565908869888	0.4765976078622195	0.04225816691734395	31988
2.0	296.34062947173834	0.3457587674595652	0.4765976076455811	0.042258166953849256	32199
2.0	296.34062947173834	0.3548609440321417	0.4765976076532158	0.04225816695256275	32406
2.0	296.34062947173834	0.3639631206047183	0.47659760788512356	0.042258166913484434	32608
2.0	296.34062947173834	0.3730652971772948	0.47659760834130444	0.042258166836614305	32807
2.0	296.34062947173834	0.3821674737498713	0.48230346915622485	0.041790781895311165	33003
2.0	296.34062947173834	0.3912696503224477	0.4823034688062197	0.04179078195231918	33195
2.0	296.34062947173834	0.4003718268950242	0.4823034686960838	0.04179078197025786	33384
2.0	296.34062947173834	0.4094740034676008	0.4823034688258172	0.04179078194912719	33569
2.0	296.34062947173834	0.4185761800401772	0.4823034691954198	0.04179078188892718	33751
2.05	205.9022044241649	0.3315244600008093	0.46993688402034844	0.04338055221657133	28448
2.05	205.9022044241649	0.3407854384008417	0.46993688316465404	0.04338055236076269	28645
2.05	205.9022044241649	0.3500464168008741	0.46993688288133506	0.043380552408504205	28838
2.05	205.9022044241649	0.3593073952009065	0.4699368831703916	0.04338055235979586	29027
2.05	205.9022044241649	0.3685683736009388	0.46993688403182365	0.04338055221463767	29213
2.05	205.9022044241649	0.3778293520009712	0.4751795524961402	0.04295110874494805	29395
2.05	205.9022044241649	0.3870903304010036	0.4751795513366821	0.04295110893379786	29574
2.05	205.9022044241649	0.396351308801036	0.4751795507894029	0.04295110902293742	29749
2.05	205.9022044241649	0.4056122872010683	0.47517955085430275	0.04295110901236668	29922
2.05	205.9022044241649	0.4148732656011007	0.4751795515313817	0.04295110890208566	30091
2.05	205.9022044241649	0.4241342440011331	0.4751795528206394	0.042951108692094384	30258
2.05	232.3846491797113	0.3315244600008093	0.46545907037374634	0.04413509966951215	28996
2.05	232.3846491797113	0.3407854384008417	0.4654590128413127	0.04413510936418787	29195
2.05	232.3846491797113	0.3500464168008741	0.46545899378162675	0.04413511257589757	29389
2.05	232.3846491797113	0.3593073952009065	0.4654590132272413	0.04413510929915581	29580
2.05	232.3846491797113	0.3685683736009388	0.46545907114494484	0.04413509953955903	29767
2.05	232.3846491797113	0.3778293520009712	0.47039038285441276	0.04373115747206162	29951
2.05	232.3846491797113	0.3870903304010036	0.4703903049284671	0.04373117016445701	30131
2.05	232.3846491797113	0.396351308801036	0.47039026811722423	0.04373117616018598	30308
2.05	232.3846491797113	0.4056122872010683	0.4703902724835161	0.04373117544901459	30482
2.05	232.3846491797113	0.4148732656011007	0.47039031801988346	0.043731168032157805	30653
2.05	232.3846491797113	0.4241342440011331	0.47039040464863896	0.04373115392226913	30821
2.05	262.27317636255333	0.3315244600008093	0.4706641064590109	0.04325800941284601	29544
2.05	262.27317636255333	0.3407854384008417	0.47066410572133643	0.04325800953715006	29744
2.05	262.27317636255333	0.3500464168008741	0.47066410547709364	0.04325800957830692	29940
2.05	262.27317636255333	0.3593073952009065	0.47066410572628264	0.04325800953631658	30132
2.05	262.27317636255333	0.3685683736009388	0.4706641064689034	0.04325800941117904	30321
2.05	262.27317636255333	0.3778293520009712	0.4759573466097252	0.04282442346260344	30506
2.05	262.27317636255333	0.3870903304010036	0.4759573456101831	0.04282442362540653	30687
2.05	262.27317636255333	0.396351308801036	0.4759573451383863	0.04282442370225169	30865
2.05	262.27317636255333	0.4056122872010683	0.47595734519433497	0.0428244236931389	31041
2.05	262.27317636255333	0.4148732656011007	0.47595734577802906	0.042824423598068165	31213
2.05	262.27317636255333	0.4241342440011331	0.47595734688946856	0.042824423417039514	31382
2.05	296.00586476823344	0.3315244600008093	0.4765393057051173	0.04226799129763628	30090
2.05	296.00586476823344	0.3407854384008417	0.4765393053562153	0.042267991356429065	30292
2.05	296.00586476823344	0.3500464168008741	0.47653930524069443	0.04226799137589525	30489
2.05	296.00586476823344	0.3593073952009065	0.47653930535855477	0.042267991356034845	30683
2.05	296.00586476823344	0.3685683736009388	0.47653930570979625	0.04226799129684785	30873
2.05	296.00586476823344	0.3778293520009712	0.48224111262692076	0.04180093838066242	31059
2.05	296.00586476823344	0.3870903304010036	0.4822411121541617	0.04180093845766431	31242
2.05	296.00586476823344	0.396351308801036	0.4822411119310133	0.04180093849401019	31422
2.05	296.00586476823344	0.4056122872010683	0.4822411119574757	0.04180093848970006	31598
2.05	296.00586476823344	0.4148732656011007	0.48224111223354876	0.04180093844473393	31772
2.05	296.00586476823344	0.4241342440011331	0.48224111275923254	0.04180093835911179	31942
2.1	205.73573575183684	0.3260747254597181	0.46996590335009036	0.043375662227154416	26814
2.1	205.73573575183684	0.3354945056872063	0.4699659021497807	0.043375662429416206	27003
2.1	205.73573575183684	0.3449142859146946	0.46996590153788764	0.04337566253252509	27188
2.1	205.73573575183684	0.3543340661421829	0.46996590151441137	0.04337566253648103	27369
2.1	205.73573575183684	0.3637538463696712	0.46996590207935196	0.04337566244128402	27546
2.1	205.73573575183684	0.3731736265971594	0.46996590323270915	0.043375662246934094	27720
2.1	205.73573575183684	0.3825934068246477	0.4752105883665364	0.042946053695115095	27891
2.1	205.73573575183684	0.3920131870521359	0.47521058751826917	0.04294605383327887	28058
2.1	205.73573575183684	0.4014329672796242	0.4752105872993378	0.04294605386893789	28223
2.1	205.73573575183684	0.4108527475071124	0.4752105877097424	0.04294605380209216	28385
2.1	205.73573575183684	0.4202725277346007	0.47521058874948274	0.04294605363274169	28544
2.1	232.1892578579815	0.3260747254597181	0.4654289496072641	0.044140175259838925	27322
2.1	232.1892578579815	0.3354945056872063	0.46542880295293393	0.044140199972267806	27513
2.1	232.1892578579815	0.3449142859146946	0.4654287279696583	0.04414021260755014	27699
2.1	232.1892578579815	0.3543340661421829	0.4654287250898019	0.044140213092829	27881
2.1	232.1892578579815	0.3637538463696712	0.46542879433003964	0.04414020142529453	28060
2.1	232.1892578579815	0.3731736265971594	0.4654289352908769	0.04414017767226479	28236
2.1	232.1892578579815	0.3825934068246477	0.4703580147650453	0.043736429510598356	28408
2.1	232.1892578579815	0.3920131870521359	0.4703579108894615	0.043736446429610006	28577
2.1	232.1892578579815	0.4014329672796242	0.47035788403602813	0.04373645080343429	28742
2.1	232.1892578579815	0.4108527475071124	0.4703579343601593	0.04373644260675775	28905
2.1	232.1892578579815	0.4202725277346007	0.47035806157094545	0.043736421886963035	29065
2.1	262.04417656284045	0.3260747254597181	0.4706242441625886	0.043264726528967325	27830
2.1	262.04417656284045	0.3354945056872063	0.47062424311329015	0.043264726705782505	28022
2.1	262.04417656284045	0.3449142859146946	0.47062424257837954	0.04326472679591922	28210
2.1	262.04417656284045	0.3543340661421829	0.47062424255785684	0.04326472679937746	28393
2.1	262.04417656284045	0.3637538463696712	0.47062424305172207	0.04326472671615722	28574
2.1	262.04417656284045	0.3731736265971594	0.4706242440599751	0.043264726546258514	28750
2.1	262.04417656284045	0.3825934068246477	0.47591471095346344	0.042831367858372375	28923
2.1	262.04417656284045	0.3920131870521359	0.47591471021191695	0.04283136797915372	29094
2.1	262.04417656284045	0.4014329672796242	0.47591471002052943	0.04283136801032648	29261
2.1	262.04417656284045	0.4108527475071124	0.4759147103793009	0.042831367951890624	29425
2.1	262.04417656284045	0.4202725277346007	0.47591471128823115	0.042831367803846186	29586
2.1	295.73784379162515	0.3260747254597181	0.47649263522006047	0.042275855648055125	28337
2.1	295.73784379162515	0.3354945056872063	0.47649263472544934	0.04227585573140106	28530
2.1	295.73784379162515	0.3449142859146946	0.47649263447330686	0.042275855773889086	28719
2.1	295.73784379162515	0.3543340661421829	0.476492634463633	0.042275855775519205	28905
2.1	295.73784379162515	0.3637538463696712	0.47649263469642783	0.04227585573629142	29086
2.1	295.73784379162515	0.3731736265971594	0.47649263517169127	0.04227585565620572	29264
2.1	295.73784379162515	0.3825934068246477	0.4821911960191029	0.04180906868075681	29438
2.1	295.73784379162515	0.3920131870521359	0.48219119566955776	0.04180906873768989	29610
2.1	295.73784379162515	0.4014329672796242	0.4821911955793428	0.04180906875238389	29778
2.1	295.73784379162515	0.4108527475071124	0.48219119574845803	0.041809068724838805	29943
2.1	295.73784379162515	0.4202725277346007	0.4821911961769034	0.041809068655054626	30105
2.15	232.04006107985305	0.3298859693186593	0.4654187031128324	0.04414190187619351	25955
2.15	232.04006107985305	0.3394645513736034	0.4654185393158952	0.044141929477288934	26134
2.15	232.04006107985305	0.3490431334285476	0.465418477642915	0.044141939869679916	26309
2.15	232.04006107985305	0.3586217154834917	0.4654185187915716	0.0441419329358018	26480
2.15	232.04006107985305	0.3682002975384358	0.46541866229566814	0.044141908754212505	26648
2.15	232.04006107985305	0.37777887959338	0.47034722542305935	0.04373818685333461	26812
2.15	232.04006107985305	0.3873574616483241	0.47034702642937043	0.043738219264960285	26974
2.15	232.04006107985305	0.3969360437032681	0.4703469363330705	0.04373823393963446	27132
2.15	232.04006107985305	0.4065146257582124	0.4703469561509919	0.04373823071173787	27288
2.15	232.04006107985305	0.4160932078131565	0.47034708565839023	0.043738209617876354	27441
2.15	261.86932203509485	0.3298859693186593	0.47059382598061705	0.04326985223618542	26428
2.15	261.86932203509485	0.3394645513736034	0.47059382512469267	0.04326985238041553	26608
2.15	261.86932203509485	0.3490431334285476	0.4705938248037556	0.043269852434496	26784
2.15	261.86932203509485	0.3586217154834917	0.47059382501780594	0.043269852398426796	26957
2.15	261.86932203509485	0.3682002975384358	0.47059382576684367	0.04326985227220795	27126
2.15	261.86932203509485	0.37777887959338	0.4758821785752365	0.0428366666558935	27292
2.15	261.86932203509485	0.3873574616483241	0.47588217753392026	0.042836666825500656	27454
2.15	261.86932203509485	0.3969360437032681	0.4758821770647948	0.042836666901910715	27614
2.15	261.86932203509485	0.4065146257582124	0.47588217716786024	0.04283666688512366	27770
2.15	261.86932203509485	0.4160932078131565	0.4758821778431166	0.04283666677513948	27924
2.15	295.5332001896044	0.3298859693186593	0.4764570095079962	0.04228185886579012	26901
2.15	295.5332001896044	0.3394645513736034	0.4764570091055903	0.04228185893359874	27082
2.15	295.5332001896044	0.3490431334285476	0.4764570089547044	0.04228185895902423	27260
2.15	295.5332001896044	0.3586217154834917	0.4764570090553384	0.04228185894206659	27433
2.15	295.5332001896044	0.3682002975384358	0.47645700940749236	0.04228185888272582	27603
2.15	295.5332001896044	0.37777887959338	0.4821530933851995	0.041815274748467794	27770
2.15	295.5332001896044	0.3873574616483241	0.48215309289563313	0.041815274828207225	27934
2.15	295.5332001896044	0.3969360437032681	0.4821530926750776	0.041815274864130794	28094
2.15	295.5332001896044	0.4065146257582124	0.48215309272353296	0.041815274856238496	28252
2.15	295.5332001896044	0.4160932078131565	0.48215309304099924	0.04181527480453033	28406
