M1	Pi	M2	MWD	Pf	N
1.15	72.5569117903113	0.2274000000000001	0.3384921941291891	0.0718060362804596	19103
1.15	72.5569117903113	0.2372000000000001	0.3384921956702065	0.07180603623773682	19342
1.15	82.12421174908303	0.2274000000000001	0.33971966302255163	0.07177200623460296	19466
1.15	82.12421174908303	0.2372000000000001	0.3397196675854211	0.07177200610810308	19709
1.15	92.95304870333275	0.2274000000000001	0.33958148445739944	0.07177583706317545	19829
1.15	92.95304870333275	0.2372000000000001	0.33958148819516504	0.07177583695955056	20076
1.15	105.20976797491912	0.2274000000000001	0.33800887749615166	0.07181943563198247	20192
1.15	105.20976797491912	0.2372000000000001	0.3380088787184354	0.07181943559809617	20444
1.2000000000000002	118.34336712420816	0.2251851851851852	0.39013894142367866	0.04651976506741933	18413
1.2000000000000002	118.34336712420816	0.2348148148148149	0.3901389407363791	0.04651976584754474	18639
1.2000000000000002	118.34336712420816	0.2444444444444445	0.39013894038000146	0.04651976625205431	18859
1.2000000000000002	118.34336712420816	0.2540740740740741	0.39013894035454594	0.04651976628094785	19073
1.2000000000000002	133.90633321208531	0.2251851851851852	0.3887695548866099	0.04807409934988996	18731
1.2000000000000002	133.90633321208531	0.2348148148148149	0.3887695530231625	0.048074101465012384	18962
1.2000000000000002	133.90633321208531	0.2444444444444445	0.3887695520569288	0.048074102561744464	19185
1.2000000000000002	133.90633321208531	0.2540740740740741	0.3887695519879121	0.04807410264008252	19403
1.2000000000000002	151.51593629651003	0.2251851851851852	0.38871872261855256	0.04813179696466746	19050
1.2000000000000002	151.51593629651003	0.2348148148148149	0.38871872062870444	0.048131799223262155	19284
1.2000000000000002	151.51593629651003	0.2444444444444445	0.3887187195969292	0.04813180039438769	19512
1.2000000000000002	151.51593629651003	0.2540740740740741	0.38871871952323095	0.048131800478039576	19733
1.2000000000000002	171.4413232079764	0.2251851851851852	0.3904719619684873	0.046141767157003806	19368
1.2000000000000002	171.4413232079764	0.2348148148148149	0.39047196137264556	0.04614176783331927	19606
1.2000000000000002	171.4413232079764	0.2444444444444445	0.3904719610636905	0.046141768184001425	19838
1.2000000000000002	171.4413232079764	0.2540740740740741	0.3904719610416223	0.04614176820905015	20063
1.2500000000000002	117.6692725248898	0.2276785714285714	0.3901982427267733	0.04645245459962952	16640
1.2500000000000002	117.6692725248898	0.2375	0.3901982421327731	0.04645245527385469	16846
1.2500000000000002	117.6692725248898	0.2473214285714285	0.3901982418738499	0.046452455567747776	17045
1.2500000000000002	117.6692725248898	0.2571428571428571	0.39019824195000374	0.046452455481308635	17238
1.2500000000000002	117.6692725248898	0.2669642857142856	0.39019824236123474	0.0464524550145373	17427
1.2500000000000002	133.10556766006692	0.2276785714285714	0.38883997794788533	0.04799416503225661	16923
1.2500000000000002	133.10556766006692	0.2375	0.3888399764272045	0.047994166758318774	17131
1.2500000000000002	133.10556766006692	0.2473214285714285	0.3888399757643428	0.04799416751070579	17334
1.2500000000000002	133.10556766006692	0.2571428571428571	0.3888399759593022	0.04799416728941543	17531
1.2500000000000002	133.10556766006692	0.2669642857142856	0.38883997701208206	0.04799416609444836	17722
1.2500000000000002	150.56685370737782	0.2276785714285714	0.3886351733844887	0.04822663026064653	17205
1.2500000000000002	150.56685370737782	0.2375	0.38863517139606396	0.04822663251762557	17417
1.2500000000000002	150.56685370737782	0.2473214285714285	0.3886351705293129	0.04822663350143906	17623
1.2500000000000002	150.56685370737782	0.2571428571428571	0.3886351707842398	0.048226633212082023	17823
1.2500000000000002	150.56685370737782	0.2669642857142856	0.3886351721608434	0.048226631649555915	18018
1.2500000000000002	170.31877654611628	0.2276785714285714	0.3903731750735385	0.04625389609453988	17487
1.2500000000000002	170.31877654611628	0.2375	0.3903731745227649	0.046253896719700364	17702
1.2500000000000002	170.31877654611628	0.2473214285714285	0.39037317428268403	0.04625389699220626	17912
1.2500000000000002	170.31877654611628	0.2571428571428571	0.39037317435329605	0.04625389691205746	18115
1.2500000000000002	170.31877654611628	0.2669642857142856	0.3903731747346009	0.04625389647925401	18313
1.2500000000000002	192.661830475272	0.2276785714285714	0.39233918640752236	0.044022357567311404	17769
1.2500000000000002	192.661830475272	0.2375	0.39233918610454355	0.04402235791121017	17988
1.2500000000000002	192.661830475272	0.2473214285714285	0.39233918597247586	0.04402235806111477	18201
1.2500000000000002	192.661830475272	0.2571428571428571	0.3923391860113193	0.04402235801702518	18407
1.2500000000000002	192.661830475272	0.2669642857142856	0.3923391862210739	0.044022357778941416	18609
1.3	117.05438758190677	0.2256666666666668	0.39025234357563504	0.0463910469533439	15090
1.3	117.05438758190677	0.2353333333333334	0.39025234293635486	0.046391047678964556	15273
1.3	117.05438758190677	0.2450000000000001	0.3902523426139827	0.0463910480448759	15451
1.3	117.05438758190677	0.2546666666666668	0.39025234260851877	0.046391048051077785	15624
1.3	117.05438758190677	0.2643333333333335	0.390252342919963	0.046391047697570215	15793
1.3	117.05438758190677	0.2740000000000001	0.3902523435483154	0.046391046984353326	15957
1.3	117.05438758190677	0.2836666666666668	0.37852159302764793	0.09467627412257437	16117
1.3	132.37533798555577	0.2256666666666668	0.3889042215521053	0.04792124476192711	15341
1.3	132.37533798555577	0.2353333333333334	0.3889042199909741	0.04792124653390292	15527
1.3	132.37533798555577	0.2450000000000001	0.38890421920373597	0.0479212474274645	15708
1.3	132.37533798555577	0.2546666666666668	0.3889042191903929	0.04792124744260962	15884
1.3	132.37533798555577	0.2643333333333335	0.38890421995094504	0.047921246579338245	16056
1.3	132.37533798555577	0.2740000000000001	0.38890422148539033	0.04792124483765251	16223
1.3	132.37533798555577	0.2836666666666668	0.37790374290316414	0.09320057956163628	16385
1.3	149.70160853243186	0.2256666666666668	0.3885590250499962	0.048313063100207054	15592
1.3	149.70160853243186	0.2353333333333334	0.38855902257500124	0.04831306590947189	15781
1.3	149.70160853243186	0.2450000000000001	0.38855902132692294	0.048313067326114185	15965
1.3	149.70160853243186	0.2546666666666668	0.3885590213057691	0.0483130673501251	16144
1.3	149.70160853243186	0.2643333333333335	0.38855902251153973	0.04831306598150448	16318
1.3	149.70160853243186	0.2740000000000001	0.38855902494422734	0.04831306322026086	16488
1.3	149.70160853243186	0.2836666666666668	0.3777455375927604	0.09282271653818977	16653
1.3	169.29567046425822	0.2256666666666668	0.390283145924782	0.04635608447491745	15843
1.3	169.29567046425822	0.2353333333333334	0.39028314529401215	0.04635608519087837	16035
1.3	169.29567046425822	0.2450000000000001	0.39028314497593153	0.046356085551918565	16222
1.3	169.29567046425822	0.2546666666666668	0.39028314497054034	0.046356085558037885	16404
1.3	169.29567046425822	0.2643333333333335	0.39028314527783853	0.04635608520923634	16581
1.3	169.29567046425822	0.2740000000000001	0.39028314589782603	0.04635608450551407	16753
1.3	169.29567046425822	0.2836666666666668	0.37853570987184304	0.09470999128045918	16921
1.3	191.45434921451425	0.2256666666666668	0.3922329354084489	0.04414295870215254	16094
1.3	191.45434921451425	0.2353333333333334	0.39223293506613655	0.044142959090697154	16289
1.3	191.45434921451425	0.2450000000000001	0.3922329348935175	0.04414295928662992	16479
1.3	191.45434921451425	0.2546666666666668	0.3922329348905918	0.04414295928995081	16664
1.3	191.45434921451425	0.2643333333333335	0.39223293505735934	0.04414295910065984	16843
1.3	191.45434921451425	0.2740000000000001	0.39223293539382015	0.044142958718757015	17019
1.3	191.45434921451425	0.2836666666666668	0.3794293063691219	0.0968442879949084	17189
1.35	116.49405208816545	0.2334375	0.39030165230522096	0.04633507864436337	13928
1.35	116.49405208816545	0.24296875	0.3903016519319565	0.04633507906804049	14089
1.35	116.49405208816545	0.2524999999999999	0.39030165186026994	0.04633507914940895	14244
1.35	116.49405208816545	0.26203125	0.3903016520901613	0.046335078888468724	14396
1.35	116.49405208816545	0.2715625	0.3903016526216305	0.046335078285219905	14544
1.35	116.49405208816545	0.2810937499999999	0.3785441917333327	0.0947302496511723	14688
1.35	116.49405208816545	0.290625	0.378544191528277	0.0947302491614101	14829
1.35	116.49405208816545	0.30015625	0.3785441914614356	0.09473024900176383	14966
1.35	131.710057535919	0.2334375	0.38896276937315105	0.04785478954059117	14155
1.35	131.710057535919	0.24296875	0.3889627684968274	0.04785479053527008	14318
1.35	131.710057535919	0.2524999999999999	0.3889627683285267	0.047854790726301236	14477
1.35	131.710057535919	0.26203125	0.38896276886824943	0.04785479011368421	14631
1.35	131.710057535919	0.2715625	0.38896277011599434	0.04785478869742033	14781
1.35	131.710057535919	0.2810937499999999	0.37793057637153843	0.09326466954359458	14928
1.35	131.710057535919	0.290625	0.3779305758901233	0.09326466839376606	15071
1.35	131.710057535919	0.30015625	0.3779305757331978	0.09326466801895981	15211
1.35	148.91351914676355	0.2334375	0.38848969611821166	0.048391755516499116	14383
1.35	148.91351914676355	0.24296875	0.38848969444520265	0.048391757415462706	14548
1.35	148.91351914676355	0.2524999999999999	0.3884896941238957	0.04839175778016502	14709
1.35	148.91351914676355	0.26203125	0.3884896951542932	0.04839175661060322	14866
1.35	148.91351914676355	0.2715625	0.3884896975363872	0.04839175390678642	15019
1.35	148.91351914676355	0.2810937499999999	0.37771376512603155	0.0927468300821037	15168
1.35	148.91351914676355	0.290625	0.3777137642069518	0.09274682788694193	15313
1.35	148.91351914676355	0.30015625	0.3777137639073615	0.09274682717139013	15455
1.35	168.3640308077919	0.2334375	0.390201172763585	0.046449128835470074	14610
1.35	168.3640308077919	0.24296875	0.39020117237351587	0.046449129278221535	14778
1.35	168.3640308077919	0.2524999999999999	0.3902011722986019	0.04644912936325328	14942
1.35	168.3640308077919	0.26203125	0.3902011725388432	0.046449129090565276	15101
1.35	168.3640308077919	0.2715625	0.39020117309423963	0.04644912846015764	15256
1.35	168.3640308077919	0.2810937499999999	0.3784981415570486	0.09462026182082342	15407
1.35	168.3640308077919	0.290625	0.37849814134276105	0.09462026130901166	15555
1.35	168.3640308077919	0.30015625	0.37849814127291037	0.09462026114217797	15699
1.35	190.3550935621224	0.2334375	0.3921362115725342	0.044252745946312275	14837
1.35	190.3550935621224	0.24296875	0.39213621136360755	0.044252746183456315	15008
1.35	190.3550935621224	0.2524999999999999	0.3921362113234826	0.044252746229000536	15174
1.35	190.3550935621224	0.26203125	0.39213621145215927	0.04425274608294493	15336
1.35	190.3550935621224	0.2715625	0.3921362117496376	0.04425274574528952	15493
1.35	190.3550935621224	0.2810937499999999	0.37938497761584733	0.09673841167068632	15647
1.35	190.3550935621224	0.290625	0.37938497750107186	0.09673841139655259	15797
1.35	190.3550935621224	0.30015625	0.37938497746365885	0.09673841130719407	15943
1.4	115.98311311086364	0.2260606060606059	0.3903466235407627	0.0462840336463037	12621
1.4	115.98311311086364	0.2357575757575756	0.39034662293783084	0.04628403433066681	12772
1.4	115.98311311086364	0.2454545454545453	0.39034662264115005	0.04628403466741697	12919
1.4	115.98311311086364	0.255151515151515	0.3903466226507204	0.04628403465655406	13062
1.4	115.98311311086364	0.2648484848484847	0.39034662296654193	0.046284034298078085	13201
1.4	115.98311311086364	0.2745454545454544	0.39034662358861444	0.046284033591989175	13337
1.4	115.98311311086364	0.284242424242424	0.37856480192629455	0.09477947574735392	13469
1.4	115.98311311086364	0.2939393939393938	0.3785648017683939	0.09477947537021855	13598
1.4	115.98311311086364	0.3036363636363634	0.3785648017508494	0.09477947532831463	13724
1.4	115.98311311086364	0.3133333333333331	0.378564801873661	0.09477947562164213	13847
1.4	131.10356448088388	0.2260606060606059	0.38901616429523683	0.047794183162726954	12823
1.4	131.10356448088388	0.2357575757575756	0.389016162926015	0.04779418471687429	12977
1.4	131.10356448088388	0.2454545454545453	0.38901616225227026	0.04779418548161421	13126
1.4	131.10356448088388	0.255151515151515	0.389016162274004	0.04779418545694517	13271
1.4	131.10356448088388	0.2648484848484847	0.38901616299121605	0.047794184642867235	13412
1.4	131.10356448088388	0.2745454545454544	0.3890161644039052	0.047794183039382016	13550
1.4	131.10356448088388	0.284242424242424	0.37795504678070674	0.09332311551338979	13684
1.4	131.10356448088388	0.2939393939393938	0.37795504642212363	0.09332311465693752	13815
1.4	131.10356448088388	0.3036363636363634	0.377955046382281	0.09332311456177611	13943
1.4	131.10356448088388	0.3133333333333331	0.377955046661179	0.09332311522790576	14068
1.4	148.19523427659504	0.2260606060606059	0.38842656157293387	0.048463416939681724	13025
1.4	148.19523427659504	0.2357575757575756	0.38842655843807555	0.04846342049793033	13181
1.4	148.19523427659504	0.2454545454545453	0.3884265568955183	0.04846342224882352	13333
1.4	148.19523427659504	0.255151515151515	0.38842655694527833	0.048463422192343	13480
1.4	148.19523427659504	0.2648484848484847	0.388426558587355	0.04846342032848937	13624
1.4	148.19523427659504	0.2745454545454544	0.3884265618217312	0.048463416657282085	13764
1.4	148.19523427659504	0.284242424242424	0.3776848287655558	0.09267771748007417	13900
1.4	148.19523427659504	0.2939393939393938	0.37768482794457026	0.09267771551920392	14033
1.4	148.19523427659504	0.3036363636363634	0.37768482785334945	0.09267771530132897	14163
1.4	148.19523427659504	0.3133333333333331	0.37768482849189433	0.09267771682645161	14290
1.4	167.51510570482716	0.2260606060606059	0.3901264881754067	0.046533900236849765	13227
1.4	167.51510570482716	0.2357575757575756	0.3901264875109463	0.04653390099105138	13386
1.4	167.51510570482716	0.2454545454545453	0.39012648718398957	0.04653390136216655	13540
1.4	167.51510570482716	0.255151515151515	0.3901264871945365	0.04653390135019509	13690
1.4	167.51510570482716	0.2648484848484847	0.3901264875425873	0.046533900955137014	13835
1.4	167.51510570482716	0.2745454545454544	0.39012648822814167	0.0465339001769925	13977
1.4	167.51510570482716	0.284242424242424	0.3784639129758848	0.09453850909625404	14116
1.4	167.51510570482716	0.2939393939393938	0.37846391280187053	0.0945385086806324	14251
1.4	167.51510570482716	0.3036363636363634	0.3784639127825356	0.09453850863445222	14383
1.4	167.51510570482716	0.3133333333333331	0.37846391291788	0.0945385089577135	14512
1.4	189.3536642813032	0.2260606060606059	0.39204810110795757	0.044352756507266874	13429
1.4	189.3536642813032	0.2357575757575756	0.39204810075654156	0.04435275690614467	13590
1.4	189.3536642813032	0.2454545454545453	0.3920481005836226	0.044352757102417886	13747
1.4	189.3536642813032	0.255151515151515	0.39204810058920064	0.04435275709608649	13899
1.4	189.3536642813032	0.2648484848484847	0.3920481007732757	0.04435275688715049	14047
1.4	189.3536642813032	0.2745454545454544	0.3920481011358477	0.044352756475609906	14191
1.4	189.3536642813032	0.284242424242424	0.3793445960579334	0.09664196296409167	14332
1.4	189.3536642813032	0.2939393939393938	0.37934459596590175	0.09664196274428014	14469
1.4	189.3536642813032	0.3036363636363634	0.37934459595567604	0.09664196271985663	14603
1.4	189.3536642813032	0.3133333333333331	0.3793445960272562	0.09664196289082116	14734
1.4500000000000002	115.51755154456384	0.2339999999999999	0.390387608518609	0.04623751328524542	11763
1.4500000000000002	115.51755154456384	0.2435714285714286	0.3903876081749479	0.046237513675321015	11897
1.4500000000000002	115.51755154456384	0.2531428571428572	0.3903876081246026	0.04623751373246585	12027
1.4500000000000002	115.51755154456384	0.2627142857142857	0.39038760836757325	0.04623751345667991	12153
1.4500000000000002	115.51755154456384	0.2722857142857143	0.39038760890385965	0.04623751284796329	12277
1.4500000000000002	115.51755154456384	0.2818571428571429	0.3785835858030003	0.09482433980675846	12397
1.4500000000000002	115.51755154456384	0.2914285714285715	0.37858358561540323	0.09482433935869518	12514
1.4500000000000002	115.51755154456384	0.301	0.378583585562234	0.09482433923170396	12629
1.4500000000000002	115.51755154456384	0.3105714285714286	0.3785835856434926	0.09482433942578487	12741
1.4500000000000002	115.51755154456384	0.3201428571428572	0.37858358585917906	0.09482433994093784	12850
1.4500000000000002	130.5510514590151	0.2339999999999999	0.38906482242592255	0.04773895332177374	11948
1.4500000000000002	130.5510514590151	0.2435714285714286	0.38906482166729617	0.04773895418285931	12084
1.4500000000000002	130.5510514590151	0.2531428571428572	0.3890648215561598	0.047738954309005655	12216
1.4500000000000002	130.5510514590151	0.2627142857142857	0.3890648220925136	0.04773895370021255	12344
1.4500000000000002	130.5510514590151	0.2722857142857143	0.3890648232763566	0.04773895235648107	12470
1.4500000000000002	130.5510514590151	0.2818571428571429	0.37797734766719604	0.09337637972034266	12592
1.4500000000000002	130.5510514590151	0.2914285714285715	0.3779773472530786	0.09337637873125032	12711
1.4500000000000002	130.5510514590151	0.301	0.37797734713570835	0.09337637845091919	12827
1.4500000000000002	130.5510514590151	0.3105714285714286	0.37797734731508553	0.09337637887934976	12941
1.4500000000000002	130.5510514590151	0.3201428571428572	0.37797734779120973	0.09337638001654126	13052
1.4500000000000002	147.54101700709464	0.2339999999999999	0.3883691264672543	0.04852860916361447	12133
1.4500000000000002	147.54101700709464	0.2435714285714286	0.38836912438851107	0.048528611523110304	12271
1.4500000000000002	147.54101700709464	0.2531428571428572	0.3883691240839809	0.048528611868769965	12405
1.4500000000000002	147.54101700709464	0.2627142857142857	0.3883691255536678	0.04852861020058884	12536
1.4500000000000002	147.54101700709464	0.2722857142857143	0.3883691287975523	0.04852860651858913	12663
1.4500000000000002	147.54101700709464	0.2818571428571429	0.37765850761003084	0.09261485112380641	12787
1.4500000000000002	147.54101700709464	0.2914285714285715	0.377658506475292	0.09261484841355698	12908
1.4500000000000002	147.54101700709464	0.301	0.3776585061536802	0.09261484764540837	13026
1.4500000000000002	147.54101700709464	0.3105714285714286	0.37765850664519984	0.09261484881937079	13141
1.4500000000000002	147.54101700709464	0.3201428571428572	0.3776585079498443	0.09261485193542864	13254
1.4500000000000002	166.74206340131775	0.2339999999999999	0.39005848970921914	0.046611082496416115	12318
1.4500000000000002	166.74206340131775	0.2435714285714286	0.3900584893114188	0.04661108294794291	12458
1.4500000000000002	166.74206340131775	0.2531428571428572	0.39005848925314235	0.04661108301409016	12594
1.4500000000000002	166.74206340131775	0.2627142857142857	0.3900584895343897	0.046611082694857815	12727
1.4500000000000002	166.74206340131775	0.2722857142857143	0.39005849015516086	0.04661108199024605	12856
1.4500000000000002	166.74206340131775	0.2818571428571429	0.37843274933389015	0.09446407677817549	12982
1.4500000000000002	166.74206340131775	0.2914285714285715	0.3784327491167397	0.09446407625952583	13104
1.4500000000000002	166.74206340131775	0.301	0.37843274905519436	0.09446407611252883	13224
1.4500000000000002	166.74206340131775	0.3105714285714286	0.3784327491492542	0.09446407633718461	13342
1.4500000000000002	166.74206340131775	0.3201428571428572	0.3784327493989192	0.09446407693349303	13456
1.4500000000000002	188.4419415788092	0.2339999999999999	0.39196788865746135	0.04444380235758908	12503
1.4500000000000002	188.4419415788092	0.2435714285714286	0.3919678884496195	0.04444380259350185	12645
1.4500000000000002	188.4419415788092	0.2531428571428572	0.3919678884191713	0.04444380262806232	12783
1.4500000000000002	188.4419415788092	0.2627142857142857	0.39196788856611686	0.044443802461270485	12918
1.4500000000000002	188.4419415788092	0.2722857142857143	0.3919678888904561	0.044443802093126365	13049
1.4500000000000002	188.4419415788092	0.2818571428571429	0.37930783454214867	0.09655416049105546	13177
1.4500000000000002	188.4419415788092	0.2914285714285715	0.3793078344286923	0.09655416022007246	13301
1.4500000000000002	188.4419415788092	0.301	0.37930783439653626	0.09655416014326978	13423
1.4500000000000002	188.4419415788092	0.3105714285714286	0.37930783444568045	0.09655416026064746	13542
1.4500000000000002	188.4419415788092	0.3201428571428572	0.3793078345761249	0.09655416057220545	13658
1.5000000000000002	115.09381198485028	0.2324324324324325	0.3904249213956559	0.04619516097462922	10886
1.5000000000000002	115.09381198485028	0.241891891891892	0.3904249210127514	0.04619516140924833	11008
1.5000000000000002	115.09381198485028	0.2513513513513515	0.39042492091198705	0.04619516152362179	11127
1.5000000000000002	115.09381198485028	0.260810810810811	0.39042492109336285	0.04619516131774956	11243
1.5000000000000002	115.09381198485028	0.2702702702702704	0.3904249215568788	0.04619516079163172	11355
1.5000000000000002	115.09381198485028	0.2797297297297299	0.37860068646523165	0.09486518361862048	11465
1.5000000000000002	115.09381198485028	0.2891891891891893	0.37860068625280047	0.09486518311124242	11572
1.5000000000000002	115.09381198485028	0.2986486486486488	0.3786006861696752	0.09486518291270316	11677
1.5000000000000002	115.09381198485028	0.3081081081081083	0.3786006862158559	0.09486518302300274	11780
1.5000000000000002	115.09381198485028	0.3175675675675677	0.3786006863913426	0.09486518344214116	11880
1.5000000000000002	130.04826817088951	0.2324324324324325	0.38910911990958624	0.047688673071733474	11054
1.5000000000000002	130.04826817088951	0.241891891891892	0.3891091190846463	0.047688674008088794	11178
1.5000000000000002	130.04826817088951	0.2513513513513515	0.3891091188675568	0.0476886742544982	11299
1.5000000000000002	130.04826817088951	0.260810810810811	0.3891091192583179	0.0476886738109613	11416
1.5000000000000002	130.04826817088951	0.2702702702702704	0.3891091202569292	0.047688672677478804	11531
1.5000000000000002	130.04826817088951	0.2797297297297299	0.37799764942329034	0.09342486913526492	11642
1.5000000000000002	130.04826817088951	0.2891891891891893	0.37799764896562277	0.09342486804215594	11751
1.5000000000000002	130.04826817088951	0.2986486486486488	0.37799764878653536	0.09342486761441737	11858
1.5000000000000002	130.04826817088951	0.3081081081081083	0.3779976488860284	0.09342486785204993	11962
1.5000000000000002	130.04826817088951	0.3175675675675677	0.3779976492641017	0.09342486875505321	12063
1.5000000000000002	146.94579806318126	0.2324324324324325	0.388316980610647	0.048587797778676334	11222
1.5000000000000002	146.94579806318126	0.241891891891892	0.38831697790601905	0.048587800848588235	11348
1.5000000000000002	146.94579806318126	0.2513513513513515	0.38831697719427133	0.04858780165646376	11471
1.5000000000000002	146.94579806318126	0.260810810810811	0.38831697847541613	0.048587800202289005	11590
1.5000000000000002	146.94579806318126	0.2702702702702704	0.38831698174943147	0.04858779648608899	11706
1.5000000000000002	146.94579806318126	0.2797297297297299	0.37763460915088176	0.09255777121917665	11819
1.5000000000000002	146.94579806318126	0.2891891891891893	0.37763460765038737	0.09255776763534397	11930
1.5000000000000002	146.94579806318126	0.2986486486486488	0.37763460706323354	0.09255776623296547	12038
1.5000000000000002	146.94579806318126	0.3081081081081083	0.3776346073894304	0.09255776701206528	12144
1.5000000000000002	146.94579806318126	0.3175675675675677	0.3776346086289723	0.09255776997262997	12247
1.5000000000000002	166.03887058342812	0.2324324324324325	0.3899966490617993	0.0466812752694082	11390
1.5000000000000002	166.03887058342812	0.241891891891892	0.3899966485980059	0.04668127579584097	11518
1.5000000000000002	166.03887058342812	0.2513513513513515	0.389996648475955	0.046681275934375925	11643
1.5000000000000002	166.03887058342812	0.260810810810811	0.38999664869564665	0.046681275685013006	11764
1.5000000000000002	166.03887058342812	0.2702702702702704	0.38999664925708066	0.04668127504775233	11882
1.5000000000000002	166.03887058342812	0.2797297297297299	0.3784044075431592	0.0943963842670445	11997
1.5000000000000002	166.03887058342812	0.2891891891891893	0.37840440728585173	0.0943963836524824	12109
1.5000000000000002	166.03887058342812	0.2986486486486488	0.37840440718516616	0.09439638341200154	12218
1.5000000000000002	166.03887058342812	0.3081081081081083	0.3784044072411026	0.09439638354560202	12326
1.5000000000000002	166.03887058342812	0.3175675675675677	0.37840440745366094	0.09439638405328378	12430
1.5000000000000002	187.61275863612488	0.2324324324324325	0.3918949447812321	0.04452659794849808	11558
1.5000000000000002	187.61275863612488	0.241891891891892	0.3918949445417138	0.04452659822036545	11688
1.5000000000000002	187.61275863612488	0.2513513513513515	0.39189494447868267	0.04452659829190949	11814
1.5000000000000002	187.61275863612488	0.260810810810811	0.3918949445921387	0.04452659816313021	11937
1.5000000000000002	187.61275863612488	0.2702702702702704	0.39189494488208193	0.04452659783402761	12057
1.5000000000000002	187.61275863612488	0.2797297297297299	0.3792744040832711	0.09647431402929993	12174
1.5000000000000002	187.61275863612488	0.2891891891891893	0.37927440395038897	0.09647431371191964	12288
1.5000000000000002	187.61275863612488	0.2986486486486488	0.3792744038983916	0.09647431358772734	12399
1.5000000000000002	187.61275863612488	0.3081081081081083	0.379274403927279	0.09647431365672307	12507
1.5000000000000002	187.61275863612488	0.3175675675675677	0.37927440403705126	0.09647431391890679	12614
1.55	114.70873606665988	0.2344736842105262	0.33678935654157705	0.07185324533113796	10101
1.55	114.70873606665988	0.2440789473684209	0.33678935701849433	0.07185324531791602	10214
1.55	114.70873606665988	0.2536842105263157	0.33678935706823415	0.07185324531653704	10324
1.55	114.70873606665988	0.2632894736842104	0.33678935669079657	0.07185324532700103	10432
1.55	114.70873606665988	0.2728947368421051	0.3367893558861817	0.07185324534930798	10536
1.55	114.70873606665988	0.2824999999999998	0.3367893546543898	0.07185324538345787	10638
1.55	114.70873606665988	0.2921052631578946	0.33678935299542134	0.07185324542945071	10737
1.55	114.70873606665988	0.3017105263157893	0.336789350909277	0.07185324548728646	10834
1.55	114.70873606665988	0.311315789473684	0.33678934839595737	0.07185324555696512	10929
1.55	114.70873606665988	0.3209210526315787	0.3367893454554634	0.07185324563848665	11022
1.55	129.5914410372836	0.2344736842105262	0.3891493860448375	0.047642968639311015	10254
1.55	129.5914410372836	0.2440789473684209	0.38914938536900434	0.04764296940642142	10369
1.55	129.5914410372836	0.2536842105263157	0.38914938529851867	0.04764296948642682	10481
1.55	129.5914410372836	0.2632894736842104	0.38914938583338055	0.047642968879327105	10590
1.55	129.5914410372836	0.2728947368421051	0.3891493869735892	0.047642967585123194	10696
1.55	129.5914410372836	0.2824999999999998	0.37801610349427167	0.09346894547529488	10799
1.55	129.5914410372836	0.2921052631578946	0.3780161031275278	0.09346894459935123	10900
1.55	129.5914410372836	0.3017105263157893	0.3780161030382171	0.09346894438603845	10999
1.55	129.5914410372836	0.311315789473684	0.37801610322633966	0.09346894483535684	11095
1.55	129.5914410372836	0.3209210526315787	0.3780161036918952	0.09346894594730572	11189
1.55	146.40507921175603	0.2344736842105262	0.38826976200377433	0.04864139367541255	10408
1.55	146.40507921175603	0.2440789473684209	0.3882697593491683	0.04864139668854657	10524
1.55	146.40507921175603	0.2536842105263157	0.3882697590723062	0.048641397002801345	10638
1.55	146.40507921175603	0.2632894736842104	0.3882697611731946	0.04864139461816941	10748
1.55	146.40507921175603	0.2728947368421051	0.38826976565178367	0.04864138953470739	10856
1.55	146.40507921175603	0.2824999999999998	0.37761296853597737	0.09250608402766484	10961
1.55	146.40507921175603	0.2921052631578946	0.3776129670954464	0.09250608058705097	11063
1.55	146.40507921175603	0.3017105263157893	0.37761296674464123	0.09250607974917581	11163
1.55	146.40507921175603	0.311315789473684	0.3776129674835702	0.09250608151405929	11261
1.55	146.40507921175603	0.3209210526315787	0.3776129693122158	0.09250608588165948	11356
1.55	165.4001764887686	0.2344736842105262	0.3899404952426837	0.04674501315771096	10561
1.55	165.4001764887686	0.2440789473684209	0.3899404948380904	0.04674501361694817	10679
1.55	165.4001764887686	0.2536842105263157	0.38994049479589354	0.046745013664844084	10795
1.55	165.4001764887686	0.2632894736842104	0.3899404951160932	0.046745013301398665	10907
1.55	165.4001764887686	0.2728947368421051	0.3899404957986891	0.04674501252661212	11016
1.55	165.4001764887686	0.2824999999999998	0.37837867199058267	0.09433491658506962	11122
1.55	165.4001764887686	0.2921052631578946	0.37837867177102835	0.09433491606067841	11226
1.55	165.4001764887686	0.3017105263157893	0.37837867171756173	0.09433491593297691	11328
1.55	165.4001764887686	0.311315789473684	0.37837867183018287	0.09433491620196517	11427
1.55	165.4001764887686	0.3209210526315787	0.37837867210889176	0.09433491686764307	11524
1.55	186.8597628566364	0.2344736842105262	0.3918287102427957	0.04460177804629259	10714
1.55	186.8597628566364	0.2440789473684209	0.39182871003615116	0.04460177828084628	10834
1.55	186.8597628566364	0.2536842105263157	0.3918287100145993	0.04460177830530893	10951
1.55	186.8597628566364	0.2632894736842104	0.3918287101781401	0.04460177811968055	11065
1.55	186.8597628566364	0.2728947368421051	0.3918287105267734	0.04460177772396116	11176
1.55	186.8597628566364	0.2824999999999998	0.37924404851095095	0.09640181173272036	11284
1.55	186.8597628566364	0.2921052631578946	0.37924404839881437	0.0964018114648895	11389
1.55	186.8597628566364	0.3017105263157893	0.3792440483715065	0.09640181139966644	11492
1.55	186.8597628566364	0.311315789473684	0.3792440484290273	0.09640181153705119	11593
1.55	186.8597628566364	0.3209210526315787	0.37924404857137683	0.09640181187704372	11691
1.6	114.35950717960834	0.2338845360459197	0.3368340255539953	0.07185200693841845	6746
1.6	114.35950717960834	0.2434477171920568	0.336834026062225	0.07185200692432842	6821
1.6	114.35950717960834	0.2530108983381939	0.33683402614162583	0.07185200692212712	6894
1.6	114.35950717960834	0.262574079484331	0.3368340257921976	0.07185200693181458	6965
1.6	114.35950717960834	0.2721372606304681	0.33683402501394066	0.07185200695339079	7034
1.6	114.35950717960834	0.2817004417766053	0.33683402380685507	0.07185200698685573	7101
1.6	114.35950717960834	0.2912636229227424	0.33683402217094144	0.0718520070322094	7167
1.6	114.35950717960834	0.3008268040688795	0.3368340201062003	0.07185200708945177	7231
1.6	114.35950717960834	0.3103899852150166	0.3368340176126324	0.07185200715858284	7294
1.6	114.35950717960834	0.3199531663611537	0.33683401469023866	0.07185200723960257	7355
1.6	129.17720660530398	0.2338845360459197	0.389185916828829	0.047601504050324255	6847
1.6	129.17720660530398	0.2434477171920568	0.38918591613902387	0.04760150483329372	6923
1.6	129.17720660530398	0.2530108983381939	0.38918591603125546	0.047601504955617165	6997
1.6	129.17720660530398	0.262574079484331	0.3891859165055241	0.0476015044172944	7069
1.6	129.17720660530398	0.2721372606304681	0.38918591756182896	0.04760150321832622	7139
1.6	129.17720660530398	0.2817004417766053	0.3780328457115059	0.09350893316475488	7207
1.6	129.17720660530398	0.2912636229227424	0.37803284533444365	0.09350893226416626	7274
1.6	129.17720660530398	0.3008268040688795	0.37803284522413105	0.09350893200069195	7339
1.6	129.17720660530398	0.3103899852150166	0.3780328453805684	0.09350893237433232	7403
1.6	129.17720660530398	0.3199531663611537	0.37803284580375546	0.09350893338508683	7465
1.6	145.91485323683554	0.2338845360459197	0.388227175155537	0.048689732253604935	6947
1.6	145.91485323683554	0.2434477171920568	0.3882271719007986	0.04868973594792453	7024
1.6	145.91485323683554	0.2530108983381939	0.3882271713923067	0.048689736525092675	7100
1.6	145.91485323683554	0.262574079484331	0.38822717363007775	0.048689733985090945	7173
1.6	145.91485323683554	0.2721372606304681	0.38822717861404005	0.04868972832800049	7244
1.6	145.91485323683554	0.2817004417766053	0.3775934509439602	0.09245946753728791	7313
1.6	145.91485323683554	0.2912636229227424	0.37759344916485577	0.09245946328801347	7381
1.6	145.91485323683554	0.3008268040688795	0.37759344864435984	0.09245946204484311	7447
1.6	145.91485323683554	0.3103899852150166	0.3775934493824891	0.09245946380781654	7512
1.6	145.91485323683554	0.3199531663611537	0.37759345137922	0.09245946857687747	7575
1.6	164.821216951854	0.2338845360459197	0.3898896100922971	0.046802770797043314	7048
1.6	164.821216951854	0.2434477171920568	0.38988960965527375	0.04680277129309051	7126
1.6	164.821216951854	0.2530108983381939	0.38988960958699753	0.046802771370588026	7202
1.6	164.821216951854	0.262574079484331	0.3898896098874685	0.04680277102953582	7277
1.6	164.821216951854	0.2721372606304681	0.3898896105566865	0.04680277026993408	7349
1.6	164.821216951854	0.2817004417766053	0.37835535113173585	0.09427921624093616	7419
1.6	164.821216951854	0.2912636229227424	0.37835535089284955	0.09427921567037177	7488
1.6	164.821216951854	0.3008268040688795	0.37835535082296146	0.0942792155034487	7555
1.6	164.821216951854	0.3103899852150166	0.37835535092207173	0.09427921574016702	7620
1.6	164.821216951854	0.3199531663611537	0.3783553511901802	0.09427921638052664	7685
1.6	186.1773010414281	0.2338845360459197	0.3917686879903425	0.04466990683401886	7149
1.6	186.1773010414281	0.2434477171920568	0.3917686877694613	0.044669907084731994	7228
1.6	186.1773010414281	0.2530108983381939	0.391768687734953	0.04466990712390093	7305
1.6	186.1773010414281	0.262574079484331	0.3917686878868176	0.04466990695152567	7380
1.6	186.1773010414281	0.2721372606304681	0.39176868822505506	0.04466990656760625	7454
1.6	186.1773010414281	0.2817004417766053	0.3792165400757374	0.09633610963666843	7525
1.6	186.1773010414281	0.2912636229227424	0.379216539954999	0.09633610934829266	7595
1.6	186.1773010414281	0.3008268040688795	0.379216539919676	0.09633610926392609	7663
1.6	186.1773010414281	0.3103899852150166	0.3792165399697685	0.09633610938356872	7729
1.6	186.1773010414281	0.3199531663611537	0.37921654010527645	0.09633610970722054	7794
1.65	114.03368917733864	0.2330777780421886	0.33687567576298666	0.07185085223826305	6284
1.65	114.03368917733864	0.2425833336166306	0.3368756763119071	0.07185085222304491	6353
1.65	114.03368917733864	0.2520888891910727	0.33687567643206573	0.07185085221971367	6420
1.65	114.03368917733864	0.2615944447655147	0.33687567612346236	0.07185085222826931	6485
1.65	114.03368917733864	0.2711000003399568	0.3368756753860972	0.07185085224871184	6549
1.65	114.03368917733864	0.2806055559143988	0.3368756742199705	0.07185085228104125	6611
1.65	114.03368917733864	0.2901111114888408	0.33687567262508267	0.07185085232525752	6672
1.65	114.03368917733864	0.2996166670632829	0.3368756706014343	0.07185085238136066	6731
1.65	114.03368917733864	0.3091222226377249	0.3368756681490262	0.07185085244935062	6789
1.65	114.03368917733864	0.318627778212167	0.3368756652678592	0.07185085252922738	6846
1.65	128.790797788822	0.2330777780421886	0.38922001065023715	0.04756280555723954	6376
1.65	128.790797788822	0.2425833336166306	0.3892200099341092	0.04756280637008689	6446
1.65	128.790797788822	0.2520888891910727	0.3892200097773489	0.04756280654801906	6514
1.65	128.790797788822	0.2615944447655147	0.38922001017995644	0.047562806091035796	6581
1.65	128.790797788822	0.2711000003399568	0.38922001114193133	0.047562804999137724	6645
1.65	128.790797788822	0.2806055559143988	0.3780484710650939	0.0935462532985362	6708
1.65	128.790797788822	0.2901111114888408	0.37804847067021496	0.09354625235539367	6770
1.65	128.790797788822	0.2996166670632829	0.3780484705316964	0.0935462520245511	6830
1.65	128.790797788822	0.3091222226377249	0.37804847064953834	0.0935462523060089	6889
1.65	128.790797788822	0.318627778212167	0.37804847102374073	0.09354625319976671	6946
1.65	145.45762497682605	0.2330777780421886	0.388187770942	0.0487344583541736	6468
1.65	145.45762497682605	0.2425833336166306	0.3881877668417482	0.048734463008200654	6539
1.65	145.45762497682605	0.2520888891910727	0.38818776594419374	0.048734464026977786	6608
1.65	145.45762497682605	0.2615944447655147	0.38818776824937606	0.048734461410460186	6676
1.65	145.45762497682605	0.2711000003399568	0.3881877737571939	0.04873445515876294	6741
1.65	145.45762497682605	0.2806055559143988	0.3775753920460187	0.09241633504218473	6805
1.65	145.45762497682605	0.2901111114888408	0.37757538978511723	0.09241632964216963	6868
1.65	145.45762497682605	0.2996166670632829	0.3775753889920096	0.09241632774788397	6929
1.65	145.45762497682605	0.3091222226377249	0.37757538966673065	0.09241632935941106	6988
1.65	145.45762497682605	0.318627778212167	0.37757539180925076	0.09241633447668005	7046
1.65	164.28130757130282	0.2330777780421886	0.3898421741539495	0.04685661337778946	6560
1.65	164.28130757130282	0.2425833336166306	0.38984217367572144	0.046856613920606485	6632
1.65	164.28130757130282	0.2520888891910727	0.3898421735710374	0.046856614039429034	6703
1.65	164.28130757130282	0.2615944447655147	0.38984217383989744	0.04685661373425702	6771
1.65	164.28130757130282	0.2711000003399568	0.3898421744823015	0.04685661300509063	6837
1.65	164.28130757130282	0.2806055559143988	0.378333611065505	0.09422729151644386	6902
1.65	164.28130757130282	0.2901111114888408	0.378333610801806	0.09422729088661605	6966
1.65	164.28130757130282	0.2996166670632829	0.3783336107093037	0.09422729066568039	7027
1.65	164.28130757130282	0.3091222226377249	0.3783336107879982	0.09422729085363704	7088
1.65	164.28130757130282	0.318627778212167	0.37833361103788943	0.09422729145048588	7147
1.65	185.54096439864688	0.2330777780421886	0.39171273037055954	0.04473342202453642	6652
1.65	185.54096439864688	0.2425833336166306	0.3917127301312995	0.04473342229611064	6726
1.65	185.54096439864688	0.2520888891910727	0.3917127300789255	0.044733422355558175	6797
1.65	185.54096439864688	0.2615944447655147	0.3917127302134376	0.04473342220287903	6866
1.65	185.54096439864688	0.2711000003399568	0.3917127305348358	0.04473342183807321	6933
1.65	185.54096439864688	0.2806055559143988	0.3791908944803858	0.09627485681163413	6999
1.65	185.54096439864688	0.2901111114888408	0.37919089434845576	0.09627485649652794	7063
1.65	185.54096439864688	0.2996166670632829	0.3791908943021764	0.09627485638599267	7126
1.65	185.54096439864688	0.3091222226377249	0.3791908943415476	0.09627485648002837	7187
1.65	185.54096439864688	0.318627778212167	0.37919089446656956	0.096274856778635	7247
