M1	Pi	M2	MWD	Pf	N
1.0	73.86213164147249	0.1799999999999999	0.3421486898204696	0.04915702761992411	111868
1.0	73.86213164147249	0.1899999999999999	0.34214869111843155	0.04915702783403703	113698
1.0	83.69474720437096	0.1799999999999999	0.343266486956414	0.0493414203913667	114144
1.0	83.69474720437096	0.1899999999999999	0.3432664921155567	0.04934142124242329	116010
1.0	94.83629234537908	0.1799999999999999	0.3427513882812329	0.049256449273416214	116419
1.0	94.83629234537908	0.1899999999999999	0.342751390457317	0.04925644963238491	118323
1.0	107.46101334001642	0.1799999999999999	0.3413161725675414	0.04901969486194429	118695
1.0	107.46101334001642	0.1899999999999999	0.34131617340095366	0.0490196949994247	120636
1.0	121.76635233701076	0.1	0.3890903889444943	0.04334926896689419	101414
1.0	121.76635233701076	0.11	0.38909038929727613	0.04334927036511317	104355
1.0	121.76635233701076	0.12	0.3890903896129236	0.0433492716161537	107115
1.0	137.97603522076352	0.1	0.38921815809452226	0.043855670566406546	103321
1.0	137.97603522076352	0.11	0.389218159582791	0.04385567646502671	106318
1.0	137.97603522076352	0.12	0.3892181609144472	0.04385568174292695	109130
1.0	156.34357053377042	0.1	0.36818316143458857	0.04873072241045623	105229
1.0	156.34357053377042	0.11	0.36818316105456744	0.04873072227446492	108281
1.0	156.34357053377042	0.12	0.3681831599145062	0.04873072186649177	111145
1.0	177.15621417979145	0.1	0.3670215190200535	0.04831502640440294	107136
1.0	177.15621417979145	0.11	0.3670215189209381	0.04831502636893432	110244
1.0	177.15621417979145	0.12	0.36702151862359206	0.04831502626252846	113160
1.0	200.73946191306345	0.1	0.4692161594779617	0.0479443687314729	109044
1.0	200.73946191306345	0.11	0.46921614650999927	0.04794437034822355	112207
1.0	200.73946191306345	0.12	0.46921613407131096	0.04794437189898818	115174
1.05	73.38575020828445	0.1781818181818181	0.34209452260444706	0.04914809214964732	98223
1.05	73.38575020828445	0.1879545454545454	0.3420945239861615	0.049148092377576114	99798
1.05	73.38575020828445	0.1977272727272727	0.34209452457037676	0.04914809247394876	101317
1.05	73.38575020828445	0.2075	0.3420945243570918	0.04914809243876509	102784
1.05	83.12132776436124	0.1781818181818181	0.343201262120593	0.049330660846671884	100174
1.05	83.12132776436124	0.1879545454545454	0.3432012669700338	0.04933066164663979	101781
1.05	83.12132776436124	0.1977272727272727	0.34320126902048453	0.049330661984883895	103330
1.05	83.12132776436124	0.2075	0.34320126827190617	0.04933066186139777	104826
1.05	94.14845674672132	0.1781818181818181	0.3428295628066036	0.049269345009973216	102126
1.05	94.14845674672132	0.1879545454545454	0.34282956543802906	0.04926934544405541	103764
1.05	94.14845674672132	0.1977272727272727	0.3428295665506477	0.04926934562759394	105343
1.05	94.14845674672132	0.2075	0.3428295661444534	0.04926934556058778	106869
1.05	106.63847830868892	0.1781818181818181	0.34140967340268613	0.04903511883966809	104077
1.05	106.63847830868892	0.1879545454545454	0.34140967436055464	0.0490351189976789	105747
1.05	106.63847830868892	0.1977272727272727	0.34140967476555956	0.049035119064488854	107356
1.05	106.63847830868892	0.2075	0.3414096746177006	0.04903511904009792	108911
1.05	120.78546424382836	0.1	0.3890826593961034	0.04331863359311399	89262
1.05	120.78546424382836	0.1097727272727272	0.3890826597260508	0.043318634900830856	91777
1.05	120.78546424382836	0.1195454545454545	0.38908266002209724	0.043318636074184645	94140
1.05	136.80923250203958	0.1	0.38920898898093625	0.0438193296047186	90905
1.05	136.80923250203958	0.1097727272727272	0.3892089901638791	0.043819334293206884	93466
1.05	136.80923250203958	0.1195454545454545	0.38920899122530145	0.0438193385000594	95872
1.05	154.95876275322146	0.1	0.3682604417552372	0.04875837732408384	92548
1.05	154.95876275322146	0.1097727272727272	0.3682604413079617	0.04875837716402543	95156
1.05	154.95876275322146	0.1195454545454545	0.36826043996613883	0.0487583766838515	97605
1.05	175.51606507003262	0.1	0.3671130601064841	0.048347784560908644	94191
1.05	175.51606507003262	0.1097727272727272	0.3671130600059677	0.04834778452493865	96845
1.05	175.51606507003262	0.1195454545454545	0.36711305970441854	0.0483477844170287	99338
1.05	198.8005618419116	0.1	0.46953674338391027	0.04790440067620436	95834
1.05	198.8005618419116	0.1097727272727272	0.4695367314440158	0.047904402164783026	98534
1.05	198.8005618419116	0.1195454545454545	0.4695367199801428	0.04790440359401482	101070
1.1	72.9521338426647	0.1766666666666667	0.34204519750905515	0.049139955439730536	86988
1.1	72.9521338426647	0.18625	0.34204519894699104	0.049139955676933675	88359
1.1	72.9521338426647	0.1958333333333333	0.3420451996417246	0.049139955791537515	89681
1.1	72.9521338426647	0.2054166666666667	0.3420451995932548	0.0491399557835419	90958
1.1	72.9521338426647	0.215	0.34204519880158174	0.04913995565294683	92194
1.1	72.9521338426647	0.2245833333333333	0.3420451972667065	0.0491399553997525	93392
1.1	82.59958673582284	0.1766666666666667	0.343141856403442	0.04932086122876918	88677
1.1	82.59958673582284	0.18625	0.3431418609927966	0.04932086198583303	90074
1.1	82.59958673582284	0.1958333333333333	0.34314186321014023	0.04932086235160793	91422
1.1	82.59958673582284	0.2054166666666667	0.34314186305544153	0.0493208623260887	92724
1.1	82.59958673582284	0.215	0.3431418605287026	0.04932086190927569	93984
1.1	82.59958673582284	0.2245833333333333	0.34314185562995947	0.04932086110117483	95205
1.1	93.52285354179176	0.1766666666666667	0.3429006151054629	0.04928106585795424	90366
1.1	93.52285354179176	0.18625	0.3429006182019606	0.04928106636875516	91790
1.1	93.52285354179176	0.1958333333333333	0.34290061969802593	0.049281066615547375	93164
1.1	93.52285354179176	0.2054166666666667	0.3429006195936492	0.049281066598329294	94491
1.1	93.52285354179176	0.215	0.342900617888831	0.04928106631710103	95774
1.1	93.52285354179176	0.2245833333333333	0.3429006145835825	0.049281065771864405	97019
1.1	105.89065248683777	0.1766666666666667	0.34149466545142654	0.04904913920071025	92055
1.1	105.89065248683777	0.18625	0.3414946665207474	0.04904913937710633	93506
1.1	105.89065248683777	0.1958333333333333	0.34149466703738574	0.049049139462331436	94905
1.1	105.89065248683777	0.2054166666666667	0.3414946670013412	0.0490491394563855	96257
1.1	105.89065248683777	0.215	0.3414946664126138	0.049049139359268516	97565
1.1	105.89065248683777	0.2245833333333333	0.341494665271204	0.04904913917098058	98832
1.1	119.89401370305342	0.1	0.38907563378435867	0.04329078820927677	79212
1.1	119.89401370305342	0.1095833333333333	0.3890756340957467	0.043290789443435375	81387
1.1	119.89401370305342	0.1191666666666666	0.38907563437579196	0.04329079055336974	83432
1.1	135.7492298351331	0.1	0.3892006488080626	0.04378627407541044	80639
1.1	135.7492298351331	0.1095833333333333	0.3892006497999436	0.04378627800664229	82853
1.1	135.7492298351331	0.1191666666666666	0.38920065069200016	0.04378628154222849	84935
1.1	153.70119684601497	0.1	0.3683305842256315	0.04878347794406187	82066
1.1	153.70119684601497	0.1095833333333333	0.36833058368057525	0.04878347774901244	84320
1.1	153.70119684601497	0.1191666666666666	0.3683305820454134	0.04878347716386659	86438
1.1	174.02719662268962	0.1	0.36719615168550823	0.048377519044691945	83493
1.1	174.02719662268962	0.1095833333333333	0.36719615158310054	0.04837751900804514	85786
1.1	174.02719662268962	0.1191666666666666	0.3671961512758774	0.048377518898104745	87942
1.1	197.0411798074268	0.1	0.4698276747216565	0.04786812948613329	84921
1.1	197.0411798074268	0.1095833333333333	0.4698276635972197	0.04786813087304665	87253
1.1	197.0411798074268	0.1191666666666666	0.4698276529075327	0.047868132205758605	89445
1.15	72.5569117903113	0.1784	0.3420002197198271	0.049132535865156195	77812
1.15	72.5569117903113	0.1882	0.3420002210079422	0.04913253607764477	79045
1.15	72.5569117903113	0.1980000000000001	0.34200022154015775	0.0491325361654395	80233
1.15	72.5569117903113	0.2078	0.34200022131647295	0.04913253612854026	81381
1.15	72.5569117903113	0.2176	0.3420002203368881	0.04913253596694711	82491
1.15	72.5569117903113	0.2274000000000001	0.3306511806257938	0.09735126756022049	83566
1.15	72.5569117903113	0.2372000000000001	0.33065118229690277	0.09735126648591799	84610
1.15	82.12421174908303	0.1784	0.34308768280783825	0.0493119247061112	79289
1.15	82.12421174908303	0.1882	0.34308768662188016	0.04931192533527881	80546
1.15	82.12421174908303	0.1980000000000001	0.34308768819774943	0.049311925595235555	81757
1.15	82.12421174908303	0.2078	0.343087687535427	0.049311925485978285	82926
1.15	82.12421174908303	0.2176	0.3430876846349209	0.04931192500750831	84058
1.15	82.12421174908303	0.2274000000000001	0.3319822715514875	0.09649555179770838	85153
1.15	82.12421174908303	0.2372000000000001	0.33198227649955114	0.0964955486167566	86216
1.15	92.95304870333275	0.1784	0.342965264914272	0.04929173054570142	80767
1.15	92.95304870333275	0.1882	0.3429652680386197	0.0492917310610965	82047
1.15	92.95304870333275	0.1980000000000001	0.3429652693295221	0.04929173127404486	83281
1.15	92.95304870333275	0.2078	0.34296526878696865	0.049291731184544774	84472
1.15	92.95304870333275	0.2176	0.3429652664109637	0.04929173079259697	85624
1.15	92.95304870333275	0.2274000000000001	0.33183242805223956	0.09659188138852848	86740
1.15	92.95304870333275	0.2372000000000001	0.3318324321055446	0.09659187878278838	87823
1.15	105.20976797491912	0.1784	0.3415720305572352	0.04906190141472411	82245
1.15	105.20976797491912	0.1882	0.3415720315789252	0.049061901583262964	83548
1.15	105.20976797491912	0.1980000000000001	0.34157203200106073	0.0490619016528988	84804
1.15	105.20976797491912	0.2078	0.34157203182364143	0.04906190162363156	86017
1.15	105.20976797491912	0.2176	0.34157203104666745	0.049061901495461274	87191
1.15	105.20976797491912	0.2274000000000001	0.33012706275368175	0.09768820616893863	88327
1.15	105.20976797491912	0.2372000000000001	0.3301270640791497	0.09768820531683767	89430
1.15	119.082649055054	0.1	0.38906923856571674	0.043265441332125155	70621
1.15	119.082649055054	0.1098	0.38906923887299816	0.043265442550007756	72589
1.15	119.082649055054	0.1196	0.3890692391486149	0.04326544364238995	74436
1.15	134.78479782741906	0.1	0.3891930549180225	0.04375617637137169	71867
1.15	134.78479782741906	0.1098	0.38919305581244273	0.04375617991632634	73870
1.15	134.78479782741906	0.1196	0.389193056614704	0.043756183096017094	75750
1.15	152.55742015765318	0.1	0.36839430620735875	0.04880628097963494	73113
1.15	152.55742015765318	0.1098	0.3683943054546176	0.048806280710265056	75151
1.15	152.55742015765318	0.1196	0.36839430319641125	0.048806279902161506	77064
1.15	172.67352713589318	0.1	0.3672716903806082	0.048404550714216586	74360
1.15	172.67352713589318	0.1098	0.3672716902673953	0.04840455067370315	76432
1.15	172.67352713589318	0.1196	0.3672716899277569	0.04840455055216287	78378
1.15	195.4421288898172	0.1	0.4700921143095288	0.047835161093562256	75606
1.15	195.4421288898172	0.1098	0.470092103435289	0.04783516244928289	77713
1.15	195.4421288898172	0.1196	0.470092092995823	0.04783516375079912	79691
1.2000000000000002	118.34336712420816	0.177037037037037	0.38906341228884445	0.04324234940479631	75080
1.2000000000000002	118.34336712420816	0.1866666666666667	0.3890634123447377	0.04324234962632415	76250
1.2000000000000002	118.34336712420816	0.1962962962962963	0.3890634123709733	0.043242349730306634	77378
1.2000000000000002	118.34336712420816	0.205925925925926	0.38906341236755126	0.0432423497167437	78468
1.2000000000000002	118.34336712420816	0.2155555555555556	0.38906341233447156	0.04324234958563536	79522
1.2000000000000002	118.34336712420816	0.2251851851851852	0.3804772991324832	0.0738488239545152	80544
1.2000000000000002	118.34336712420816	0.2348148148148149	0.3804772993412119	0.07384882367417388	81535
1.2000000000000002	118.34336712420816	0.2444444444444445	0.3804772994494416	0.07384882352881168	82497
1.2000000000000002	118.34336712420816	0.2540740740740741	0.3804772994571723	0.07384882351842867	83433
1.2000000000000002	133.90633321208531	0.177037037037037	0.3891861384094754	0.043728763408301105	76379
1.2000000000000002	133.90633321208531	0.1866666666666667	0.3891861385610166	0.043728764008920805	77569
1.2000000000000002	133.90633321208531	0.1962962962962963	0.38918613863214824	0.043728764290844775	78717
1.2000000000000002	133.90633321208531	0.205925925925926	0.38918613862287016	0.04372876425407207	79825
1.2000000000000002	133.90633321208531	0.2155555555555556	0.38918613853318246	0.04372876389860281	80898
1.2000000000000002	133.90633321208531	0.2251851851851852	0.3808931734709454	0.07329026744561476	81937
1.2000000000000002	133.90633321208531	0.2348148148148149	0.380893174036863	0.07329026668553669	82945
1.2000000000000002	133.90633321208531	0.2444444444444445	0.3808931743303023	0.07329026629142144	83924
1.2000000000000002	133.90633321208531	0.2540740740740741	0.38089317435126224	0.07329026626327033	84876
1.2000000000000002	151.51593629651003	0.177037037037037	0.3684521036993511	0.04882696392498928	77677
1.2000000000000002	151.51593629651003	0.1866666666666667	0.36845208627780346	0.048826957690654454	78888
1.2000000000000002	151.51593629651003	0.1962962962962963	0.3684520668092099	0.048826950723780224	80055
1.2000000000000002	151.51593629651003	0.205925925925926	0.3684520452944183	0.04882694302467005	81182
1.2000000000000002	151.51593629651003	0.2155555555555556	0.36845202173436525	0.04882693459365907	82273
1.2000000000000002	151.51593629651003	0.2251851851851852	0.3684519961300757	0.04882692543111406	83330
1.2000000000000002	151.51593629651003	0.2348148148148149	0.36845196848266276	0.04882691553743337	84355
1.2000000000000002	151.51593629651003	0.2444444444444445	0.36845193879332744	0.04882690491304676	85351
1.2000000000000002	151.51593629651003	0.2540740740740741	0.3684519070633584	0.048826893558415393	86319
1.2000000000000002	171.4413232079764	0.177037037037037	0.36734043433978625	0.048429150874225425	78975
1.2000000000000002	171.4413232079764	0.1866666666666667	0.36734043237952163	0.0484291501727409	80206
1.2000000000000002	171.4413232079764	0.1962962962962963	0.36734043018864126	0.048429149388730094	81393
1.2000000000000002	171.4413232079764	0.205925925925926	0.3673404277671464	0.048429148522193426	82539
1.2000000000000002	171.4413232079764	0.2155555555555556	0.36734042511503834	0.048429147573131374	83648
1.2000000000000002	171.4413232079764	0.2251851851851852	0.36734042223231855	0.048429146541544475	84723
1.2000000000000002	171.4413232079764	0.2348148148148149	0.3673404191189886	0.04842914542743328	85765
1.2000000000000002	171.4413232079764	0.2444444444444445	0.36734041577505033	0.04842914423079842	86777
1.2000000000000002	171.4413232079764	0.2540740740740741	0.3673404122005054	0.04842914295164055	87762
1.2500000000000002	117.6692725248898	0.1785714285714285	0.38905809762545834	0.0432212852117652	67838
1.2500000000000002	117.6692725248898	0.1883928571428571	0.38905809767596333	0.043221285411937344	68900
1.2500000000000002	117.6692725248898	0.1982142857142857	0.38905809769643834	0.043221285493088235	69923
1.2500000000000002	117.6692725248898	0.2080357142857142	0.3890580976868834	0.04322128545521782	70910
1.2500000000000002	117.6692725248898	0.2178571428571428	0.3890580976472983	0.04322128529832612	71865
1.2500000000000002	117.6692725248898	0.2276785714285714	0.38045928968845344	0.0738730122519266	72790
1.2500000000000002	117.6692725248898	0.2375	0.3804592898688477	0.07387301200964097	73687
1.2500000000000002	117.6692725248898	0.2473214285714285	0.38045928994748107	0.07387301190402927	74558
1.2500000000000002	117.6692725248898	0.2571428571428571	0.3804592899243536	0.07387301193509153	75405
1.2500000000000002	117.6692725248898	0.2669642857142856	0.38045928979946525	0.07387301210282776	76229
1.2500000000000002	133.10556766006692	0.1785714285714285	0.38917982698579123	0.04370374864497066	68988
1.2500000000000002	133.10556766006692	0.1883928571428571	0.38917982711508753	0.043703749157425	70068
1.2500000000000002	133.10556766006692	0.1982142857142857	0.389179827167505	0.043703749365177	71108
1.2500000000000002	133.10556766006692	0.2080357142857142	0.3891798271430435	0.043703749268226046	72112
1.2500000000000002	133.10556766006692	0.2178571428571428	0.3891798270417031	0.04370374886657243	73084
1.2500000000000002	133.10556766006692	0.2276785714285714	0.38087178641679553	0.07331899217613261	74024
1.2500000000000002	133.10556766006692	0.2375	0.380871786878617	0.07331899155586497	74936
1.2500000000000002	133.10556766006692	0.2473214285714285	0.3808717870799241	0.07331899128549156	75822
1.2500000000000002	133.10556766006692	0.2571428571428571	0.3808717870207161	0.07331899136501317	76683
1.2500000000000002	133.10556766006692	0.2669642857142856	0.3808717867009933	0.07331899179442958	77521
1.2500000000000002	150.56685370737782	0.1785714285714285	0.36850436993739444	0.048845667500318664	70139
1.2500000000000002	150.56685370737782	0.1883928571428571	0.368504341135323	0.04884565719344115	71236
1.2500000000000002	150.56685370737782	0.1982142857142857	0.3685043089558365	0.0488456456779491	72294
1.2500000000000002	150.56685370737782	0.2080357142857142	0.36850427340260833	0.048845632955156974	73315
1.2500000000000002	150.56685370737782	0.2178571428571428	0.36850423447969055	0.04884561902651484	74302
1.2500000000000002	150.56685370737782	0.2276785714285714	0.36850419219151187	0.048845603893607537	75258
1.2500000000000002	150.56685370737782	0.2375	0.3685041465428752	0.04884558755815379	76186
1.2500000000000002	150.56685370737782	0.2473214285714285	0.3685040975389549	0.04884557002200523	77086
1.2500000000000002	150.56685370737782	0.2571428571428571	0.3685040451852937	0.04884555128714536	77962
1.2500000000000002	150.56685370737782	0.2669642857142856	0.36850398948779983	0.04884553135568843	78814
1.2500000000000002	170.31877654611628	0.1785714285714285	0.36740305568534254	0.048451560044995796	71289
1.2500000000000002	170.31877654611628	0.1883928571428571	0.36740305353890634	0.04845155927688941	72404
1.2500000000000002	170.31877654611628	0.1982142857142857	0.3674030511399528	0.04845155841841921	73479
1.2500000000000002	170.31877654611628	0.2080357142857142	0.3674030484884835	0.04845155746958573	74517
1.2500000000000002	170.31877654611628	0.2178571428571428	0.36740304558450004	0.048451556430389585	75521
1.2500000000000002	170.31877654611628	0.2276785714285714	0.3674030424280043	0.048451555300831436	76493
1.2500000000000002	170.31877654611628	0.2375	0.36740303901899835	0.048451554080912	77435
1.2500000000000002	170.31877654611628	0.2473214285714285	0.3674030353574843	0.04845155277063205	78351
1.2500000000000002	170.31877654611628	0.2571428571428571	0.36740303144346453	0.048451551369992435	79240
1.2500000000000002	170.31877654611628	0.2669642857142856	0.3674030272769415	0.04845154987899403	80106
1.2500000000000002	192.661830475272	0.1785714285714285	0.47055186972373997	0.04777784215314062	72439
1.2500000000000002	192.661830475272	0.1883928571428571	0.4705518628423519	0.04777784301106173	73573
1.2500000000000002	192.661830475272	0.1982142857142857	0.47055185636682995	0.04777784381838242	74665
1.2500000000000002	192.661830475272	0.2080357142857142	0.4705518502971753	0.04777784457510254	75719
1.2500000000000002	192.661830475272	0.2178571428571428	0.4705518446333891	0.04777784528122195	76739
1.2500000000000002	192.661830475272	0.2276785714285714	0.47055183937547246	0.047777845936740525	77727
1.2500000000000002	192.661830475272	0.2375	0.4705518345234263	0.04777784654165813	78685
1.2500000000000002	192.661830475272	0.2473214285714285	0.47055183007725154	0.04777784709597466	79615
1.2500000000000002	192.661830475272	0.2571428571428571	0.47055182603694906	0.047777847599690004	80519
1.2500000000000002	192.661830475272	0.2669642857142856	0.4705518224025195	0.04777784805280408	81399
1.3	117.05438758190677	0.1773333333333334	0.38905324904703376	0.043202068304796455	61579
1.3	117.05438758190677	0.187	0.38905324909943	0.04320206851246424	62528
1.3	117.05438758190677	0.1966666666666667	0.38905324912342454	0.04320206860756446	63442
1.3	117.05438758190677	0.2063333333333334	0.38905324911901734	0.04320206859009707	64325
1.3	117.05438758190677	0.216	0.38905324908620853	0.04320206846006209	65179
1.3	117.05438758190677	0.2256666666666668	0.380442859590653	0.07389507934580461	66006
1.3	117.05438758190677	0.2353333333333334	0.3804428597847985	0.0738950790850498	66808
1.3	117.05438758190677	0.2450000000000001	0.380442859882701	0.07389507895355803	67587
1.3	117.05438758190677	0.2546666666666668	0.38044285988436033	0.07389507895132935	68345
1.3	117.05438758190677	0.2643333333333335	0.3804428597897766	0.07389507907836378	69082
1.3	117.05438758190677	0.2740000000000001	0.3804428595989498	0.07389507933466125	69800
1.3	132.37533798555577	0.1773333333333334	0.3891740694089057	0.04368092900389529	62603
1.3	132.37533798555577	0.187	0.38917406953685807	0.043680929511023044	63568
1.3	132.37533798555577	0.1966666666666667	0.38917406959545314	0.04368092974325938	64497
1.3	132.37533798555577	0.2063333333333334	0.3891740695846908	0.043680929700603714	65395
1.3	132.37533798555577	0.216	0.389174069504571	0.043680929383056157	66263
1.3	132.37533798555577	0.2256666666666668	0.3808522760260606	0.07334519637949007	67103
1.3	132.37533798555577	0.2353333333333334	0.3808522765001666	0.07334519574272316	67919
1.3	132.37533798555577	0.2450000000000001	0.38085227673924604	0.07334519542161808	68711
1.3	132.37533798555577	0.2546666666666668	0.38085227674329825	0.07334519541617562	69481
1.3	132.37533798555577	0.2643333333333335	0.3808522765123232	0.07334519572639579	70231
1.3	132.37533798555577	0.2740000000000001	0.3808522760463215	0.07334519635227782	70961
1.3	149.70160853243186	0.1773333333333334	0.3685502298529292	0.0488620785606305	63627
1.3	149.70160853243186	0.187	0.368550172089989	0.04886205789004959	64608
1.3	149.70160853243186	0.1966666666666667	0.3685501076233834	0.0488620348205489	65552
1.3	149.70160853243186	0.2063333333333334	0.36855003648326246	0.048862009362917715	66464
1.3	149.70160853243186	0.216	0.36854995870268803	0.04886198152898731	67347
1.3	149.70160853243186	0.2256666666666668	0.3685498743175588	0.04886195133160406	68201
1.3	149.70160853243186	0.2353333333333334	0.36854978336652955	0.04886191878460065	69030
1.3	149.70160853243186	0.2450000000000001	0.36854968589092574	0.048861883902765524	69835
1.3	149.70160853243186	0.2546666666666668	0.3685495819346535	0.04886184670181054	70618
1.3	149.70160853243186	0.2643333333333335	0.368549471544105	0.048861807198337236	71379
1.3	149.70160853243186	0.2740000000000001	0.36854935476806044	0.0488617654098017	72122
1.3	169.29567046425822	0.1773333333333334	0.3674601175243822	0.04847197973550472	64651
1.3	169.29567046425822	0.187	0.36746011534032896	0.04847197895393702	65647
1.3	169.29567046425822	0.1966666666666667	0.36746011289933334	0.04847197808042196	66607
1.3	169.29567046425822	0.2063333333333334	0.3674601102013969	0.04847197711496014	67534
1.3	169.29567046425822	0.216	0.3674601072465215	0.048471976057552206	68430
1.3	169.29567046425822	0.2256666666666668	0.3674601040347092	0.04847197490819889	69299
1.3	169.29567046425822	0.2353333333333334	0.36746010056596207	0.048471973666900973	70141
1.3	169.29567046425822	0.2450000000000001	0.3674600968402826	0.04847197233365929	70959
1.3	169.29567046425822	0.2546666666666668	0.3674600928576732	0.04847197090847476	71754
1.3	169.29567046425822	0.2643333333333335	0.3674600886181367	0.04847196939134833	72528
1.3	169.29567046425822	0.2740000000000001	0.3674600841216759	0.048471967782281064	73282
1.3	191.45434921451425	0.1773333333333334	0.47075158788907595	0.04775294275388145	65675
1.3	191.45434921451425	0.187	0.4707515812656943	0.047752943579636206	66687
1.3	191.45434921451425	0.1966666666666667	0.47075157502379233	0.04775294435783086	67662
1.3	191.45434921451425	0.2063333333333334	0.4707515691633712	0.04775294508846528	68604
1.3	191.45434921451425	0.216	0.4707515636844319	0.04775294577153934	69514
1.3	191.45434921451425	0.2256666666666668	0.47075155858697537	0.04775294640705291	70396
1.3	191.45434921451425	0.2353333333333334	0.4707515538710024	0.0477529469950059	71252
1.3	191.45434921451425	0.2450000000000001	0.47075154953651394	0.04775294753539821	72083
1.3	191.45434921451425	0.2546666666666668	0.4707515455835106	0.047752948028229734	72891
1.3	191.45434921451425	0.2643333333333335	0.47075154201199315	0.047752948473500395	73677
1.3	191.45434921451425	0.2740000000000001	0.4707515388219621	0.04775294887121012	74443
1.35	116.49405208816545	0.17625	0.38904882988336975	0.043184553344827944	56219
1.35	116.49405208816545	0.18578125	0.3890488299372038	0.04318455355819425	57072
1.35	116.49405208816545	0.1953125	0.38904882996401	0.043184553664438394	57895
1.35	116.49405208816545	0.20484375	0.3890488299637885	0.04318455366356034	58689
1.35	116.49405208816545	0.214375	0.38904882993653916	0.04318455355556009	59457
1.35	116.49405208816545	0.22390625	0.3890488298822621	0.04318455334043769	60202
1.35	116.49405208816545	0.2334375	0.3804278848302462	0.07391519179112978	60924
1.35	116.49405208816545	0.24296875	0.3804278849436043	0.07391519163887963	61625
1.35	116.49405208816545	0.2524999999999999	0.3804278849653751	0.07391519160963954	62307
1.35	116.49405208816545	0.26203125	0.38042788489555845	0.0739151917034095	62971
1.35	116.49405208816545	0.2715625	0.3804278847341545	0.07391519192018949	63617
1.35	131.710057535919	0.17625	0.38916882215130816	0.043660131967679094	57136
1.35	131.710057535919	0.18578125	0.3891688222776957	0.043660132468604916	58003
1.35	131.710057535919	0.1953125	0.38916882234062955	0.04366013271803738	58839
1.35	131.710057535919	0.20484375	0.3891688223401094	0.04366013271597595	59646
1.35	131.710057535919	0.214375	0.3891688222761354	0.04366013246242064	60427
1.35	131.710057535919	0.22390625	0.3891688221487076	0.043660131957371985	61184
1.35	131.710057535919	0.2334375	0.3808344954099331	0.07336907734052027	61918
1.35	131.710057535919	0.24296875	0.3808344956760672	0.07336907698307826	62630
1.35	131.710057535919	0.2524999999999999	0.3808344957271791	0.07336907691443041	63323
1.35	131.710057535919	0.26203125	0.3808344955632686	0.0733690771345769	63998
1.35	131.710057535919	0.2715625	0.3808344951843361	0.07336907764351723	64655
1.35	148.91351914676355	0.17625	0.36857246981517333	0.048870037174541275	58053
1.35	148.91351914676355	0.18578125	0.3685723531891133	0.04886999543967799	58934
1.35	148.91351914676355	0.1953125	0.3685722236156612	0.04886994907156518	59784
1.35	148.91351914676355	0.20484375	0.3685720813349805	0.048869898156145786	60604
1.35	148.91351914676355	0.214375	0.3685719266039983	0.04886984278536172	61397
1.35	148.91351914676355	0.22390625	0.36857175969432754	0.04886978305641016	62166
1.35	148.91351914676355	0.2334375	0.3685715808901791	0.04886971907099654	62912
1.35	148.91351914676355	0.24296875	0.3685713904862968	0.0488696509345955	63636
1.35	148.91351914676355	0.2524999999999999	0.3685711887859423	0.04886957875572985	64340
1.35	148.91351914676355	0.26203125	0.3685709760989546	0.04886950264527606	65026
1.35	148.91351914676355	0.2715625	0.36857075273990364	0.04886942271580357	65693
1.35	168.3640308077919	0.17625	0.3675120633671833	0.0484905686567711	58971
1.35	168.3640308077919	0.18578125	0.36751206114185875	0.04849056786043438	59866
1.35	168.3640308077919	0.1953125	0.3675120586547368	0.04849056697041292	60728
1.35	168.3640308077919	0.20484375	0.36751205590581915	0.04849056598670738	61562
1.35	168.3640308077919	0.214375	0.36751205289510785	0.04849056490931847	62368
1.35	168.3640308077919	0.22390625	0.3675120496226051	0.04849056373824696	63148
1.35	168.3640308077919	0.2334375	0.3675120460883132	0.04849056247349372	63906
1.35	168.3640308077919	0.24296875	0.36751204229223483	0.04849056111505966	64641
1.35	168.3640308077919	0.2524999999999999	0.3675120382343727	0.048490559662945756	65357
1.35	168.3640308077919	0.26203125	0.3675120339147297	0.04849055811715309	66053
1.35	168.3640308077919	0.2715625	0.36751202933330906	0.04849055647768276	66731
1.35	190.3550935621224	0.17625	0.3662847466773144	0.048051370983065986	59888
1.35	190.3550935621224	0.18578125	0.36628474563519264	0.04805137061014068	60797
1.35	190.3550935621224	0.1953125	0.3662847444704689	0.048051370193342005	61673
1.35	190.3550935621224	0.20484375	0.3662847431831433	0.04805136973267003	62519
1.35	190.3550935621224	0.214375	0.3662847417732161	0.048051369228124835	63338
1.35	190.3550935621224	0.22390625	0.3662847402406875	0.04805136867970649	64131
1.35	190.3550935621224	0.2334375	0.3662847385855578	0.048051368087415086	64900
1.35	190.3550935621224	0.24296875	0.3662847368078272	0.04805136745125072	65647
1.35	190.3550935621224	0.2524999999999999	0.366284734907496	0.048051366771213494	66373
1.35	190.3550935621224	0.26203125	0.36628473288456453	0.04805136604730351	67080
1.35	190.3550935621224	0.2715625	0.36628473073903306	0.048051365279520884	67769
1.4	115.98311311086364	0.1775757575757575	0.38904479955958826	0.043168579516958926	51545
1.4	115.98311311086364	0.1872727272727272	0.3890447996093352	0.04316857971412655	52329
1.4	115.98311311086364	0.1969696969696969	0.3890447996316356	0.043168579802512055	53085
1.4	115.98311311086364	0.2066666666666665	0.38904479962648936	0.0431685797821154	53814
1.4	115.98311311086364	0.2163636363636362	0.3890447995938965	0.04316857965293659	54520
1.4	115.98311311086364	0.2260606060606059	0.38041422734032315	0.07393353502413608	55203
1.4	115.98311311086364	0.2357575757575756	0.38041422752342985	0.07393353477820734	55865
1.4	115.98311311086364	0.2454545454545453	0.38041422761353	0.07393353465719477	56508
1.4	115.98311311086364	0.255151515151515	0.38041422761062355	0.0739335346610984	57133
1.4	115.98311311086364	0.2648484848484847	0.3804142275147105	0.07393353478991824	57742
1.4	115.98311311086364	0.2745454545454544	0.3804142273257909	0.07393353504365423	58335
1.4	131.10356448088388	0.1775757575757575	0.38916403695755497	0.04364116628018663	52370
1.4	131.10356448088388	0.1872727272727272	0.3891640370705273	0.04364116672794249	53167
1.4	131.10356448088388	0.1969696969696969	0.38916403712117015	0.04364116692866081	53935
1.4	131.10356448088388	0.2066666666666665	0.38916403710948333	0.04364116688234119	54676
1.4	131.10356448088388	0.2163636363636362	0.3891640370354669	0.04364116658898372	55393
1.4	131.10356448088388	0.2260606060606059	0.38081827969778853	0.07339085649524826	56087
1.4	131.10356448088388	0.2357575757575756	0.3808182801136129	0.07339085593675893	56760
1.4	131.10356448088388	0.2454545454545453	0.38081828031822507	0.07339085566194645	57413
1.4	131.10356448088388	0.255151515151515	0.3808182803116247	0.07339085567081137	58048
1.4	131.10356448088388	0.2648484848484847	0.3808182800938117	0.07339085596335368	58667
1.4	131.10356448088388	0.2745454545454544	0.38081827966478665	0.07339085653957278	59269
1.4	148.19523427659504	0.1775757575757575	0.36854269104735826	0.04885938078433805	53196
1.4	148.19523427659504	0.1872727272727272	0.3685426416162874	0.048859363095332835	54005
1.4	148.19523427659504	0.1969696969696969	0.36854258642711013	0.04885934334577799	54785
1.4	148.19523427659504	0.2066666666666665	0.3685425254987003	0.04885932154242758	55538
1.4	148.19523427659504	0.2163636363636362	0.36854245885179887	0.048859297692703765	56266
1.4	148.19523427659504	0.2260606060606059	0.3685423865089791	0.04885927180468446	56971
1.4	148.19523427659504	0.2357575757575756	0.3685423084946092	0.0488592438870899	57654
1.4	148.19523427659504	0.2454545454545453	0.3685422248348125	0.048859213949268315	58318
1.4	148.19523427659504	0.255151515151515	0.3685421355574246	0.04885918200118073	58963
1.4	148.19523427659504	0.2648484848484847	0.3685420406919487	0.04885914805338496	59591
1.4	148.19523427659504	0.2745454545454544	0.3685419402695088	0.048859112117018794	60203
1.4	167.51510570482716	0.1775757575757575	0.3675593802039971	0.04850750107920719	54021
1.4	167.51510570482716	0.1872727272727272	0.36755937779517694	0.04850750021720619	54843
1.4	167.51510570482716	0.1969696969696969	0.3675593751029728	0.04850749925379569	55635
1.4	167.51510570482716	0.2066666666666665	0.36755937212738693	0.048507498188976476	56400
1.4	167.51510570482716	0.2163636363636362	0.3675593688684218	0.048507497022749424	57139
1.4	167.51510570482716	0.2260606060606059	0.36755936532607997	0.048507495755115496	57855
1.4	167.51510570482716	0.2357575757575756	0.36755936150036445	0.04850749438607573	58549
1.4	167.51510570482716	0.2454545454545453	0.3675593573912784	0.04850749291563126	59223
1.4	167.51510570482716	0.255151515151515	0.36755935299882514	0.048507491343783286	59878
1.4	167.51510570482716	0.2648484848484847	0.36755934832300835	0.04850748967053311	60516
1.4	167.51510570482716	0.2745454545454544	0.3675593433638318	0.04850748789588209	61137
1.4	189.3536642813032	0.1775757575757575	0.3663406124947134	0.04807136267489565	54847
1.4	189.3536642813032	0.1872727272727272	0.36634061138928403	0.0480713622793156	55681
1.4	189.3536642813032	0.1969696969696969	0.3663406101538048	0.048071361837196944	56485
1.4	189.3536642813032	0.2066666666666665	0.3663406087882759	0.04807136134853976	57262
1.4	189.3536642813032	0.2163636363636362	0.3663406072926976	0.04807136081334414	58012
1.4	189.3536642813032	0.2260606060606059	0.3663406056670701	0.04807136023161018	58739
1.4	189.3536642813032	0.2357575757575756	0.3663406039113938	0.04807135960333797	59444
1.4	189.3536642813032	0.2454545454545453	0.36634060202566887	0.048071358928527624	60128
1.4	189.3536642813032	0.255151515151515	0.3663406000098957	0.04807135820717926	60793
1.4	189.3536642813032	0.2648484848484847	0.36634059786407464	0.048071357439293	61441
1.4	189.3536642813032	0.2745454545454544	0.36634059558820603	0.04807135662486898	62072
1.4500000000000002	115.51755154456384	0.1765714285714286	0.3890411263834683	0.043154021211906354	47523
1.4500000000000002	115.51755154456384	0.1861428571428572	0.38904112643466976	0.043154021414838636	48236
1.4500000000000002	115.51755154456384	0.1957142857142857	0.3890411264595839	0.043154021513583475	48923
1.4500000000000002	115.51755154456384	0.2052857142857143	0.38904112645821065	0.04315402150814085	49586
1.4500000000000002	115.51755154456384	0.2148571428571428	0.3890411264305501	0.043154021398510746	50227
1.4500000000000002	115.51755154456384	0.2244285714285714	0.38904112637660226	0.04315402118469322	50849
1.4500000000000002	115.51755154456384	0.2339999999999999	0.38040178045254724	0.07395025230995969	51451
1.4500000000000002	115.51755154456384	0.2435714285714286	0.38040178055691504	0.0739502521697844	52036
1.4500000000000002	115.51755154456384	0.2531428571428572	0.3804017805722046	0.07395025214924916	52605
1.4500000000000002	115.51755154456384	0.2627142857142857	0.3804017804984159	0.07395025224835398	53158
1.4500000000000002	115.51755154456384	0.2722857142857143	0.380401780335549	0.07395025246709885	53697
1.4500000000000002	130.5510514590151	0.1765714285714286	0.38915967604032103	0.04362388217473459	48271
1.4500000000000002	130.5510514590151	0.1861428571428572	0.3891596761533473	0.04362388262270406	48995
1.4500000000000002	130.5510514590151	0.1957142857142857	0.3891596762083448	0.04362388284068172	49692
1.4500000000000002	130.5510514590151	0.2052857142857143	0.38915967620531344	0.04362388282866721	50366
1.4500000000000002	130.5510514590151	0.2148571428571428	0.38915967614425323	0.04362388258666052	51017
1.4500000000000002	130.5510514590151	0.2244285714285714	0.38915967602516427	0.043623882114662095	51648
1.4500000000000002	130.5510514590151	0.2339999999999999	0.38080350252029926	0.07341070356900702	52260
1.4500000000000002	130.5510514590151	0.2435714285714286	0.38080350275068947	0.07341070325957232	52854
1.4500000000000002	130.5510514590151	0.2531428571428572	0.3808035027844409	0.0734107032142411	53432
1.4500000000000002	130.5510514590151	0.2627142857142857	0.38080350262155355	0.07341070343301345	53994
1.4500000000000002	130.5510514590151	0.2722857142857143	0.38080350226202764	0.07341070391588896	54542
1.4500000000000002	147.54101700709464	0.1765714285714286	0.36850771286767503	0.04884686377444637	49018
1.4500000000000002	147.54101700709464	0.1861428571428572	0.3685076844416276	0.0488468536021298	49753
1.4500000000000002	147.54101700709464	0.1957142857142857	0.3685076526825384	0.048846842237077706	50462
1.4500000000000002	147.54101700709464	0.2052857142857143	0.368507617594125	0.048846829680620464	51146
1.4500000000000002	147.54101700709464	0.2148571428571428	0.3685075791804884	0.048846815934225615	51807
1.4500000000000002	147.54101700709464	0.2244285714285714	0.36850753744611053	0.04884680099949701	52448
1.4500000000000002	147.54101700709464	0.2339999999999999	0.36850749239585157	0.048846784878173885	53069
1.4500000000000002	147.54101700709464	0.2435714285714286	0.3685074440349473	0.048846767572129864	53673
1.4500000000000002	147.54101700709464	0.2531428571428572	0.36850739236900587	0.04884674908337186	54259
1.4500000000000002	147.54101700709464	0.2627142857142857	0.3685073374040049	0.04884672941403894	54830
1.4500000000000002	147.54101700709464	0.2722857142857143	0.36850727914628767	0.048846708566401095	55386
1.4500000000000002	166.74206340131775	0.1765714285714286	0.36760244950695503	0.048522913513359966	49765
1.4500000000000002	166.74206340131775	0.1861428571428572	0.36760244705806483	0.048522912637019834	50512
1.4500000000000002	166.74206340131775	0.1957142857142857	0.3676024443210771	0.04852291165758342	51231
1.4500000000000002	166.74206340131775	0.2052857142857143	0.3676024412959941	0.04852291057505159	51926
1.4500000000000002	166.74206340131775	0.2148571428571428	0.36760243798281866	0.04852290938942528	52597
1.4500000000000002	166.74206340131775	0.2244285714285714	0.3676024343815536	0.04852290810070553	53248
1.4500000000000002	166.74206340131775	0.2339999999999999	0.367602430492202	0.04852290670889346	53878
1.4500000000000002	166.74206340131775	0.2435714285714286	0.36760242631476725	0.048522905213990296	54491
1.4500000000000002	166.74206340131775	0.2531428571428572	0.36760242184925307	0.04852290361599732	55086
1.4500000000000002	166.74206340131775	0.2627142857142857	0.36760241709566327	0.04852290191491595	55666
1.4500000000000002	166.74206340131775	0.2722857142857143	0.3676024120540021	0.04852290011074765	56231
1.4500000000000002	188.4419415788092	0.1765714285714286	0.3663914670142748	0.04808956106400999	50513
1.4500000000000002	188.4419415788092	0.1861428571428572	0.36639146591240523	0.04808956066970382	51270
1.4500000000000002	188.4419415788092	0.1957142857142857	0.3663914646809046	0.04808956022900891	52000
1.4500000000000002	188.4419415788092	0.2052857142857143	0.3663914633197731	0.04808955974192536	52705
1.4500000000000002	188.4419415788092	0.2148571428571428	0.36639146182901106	0.04808955920845324	53387
1.4500000000000002	188.4419415788092	0.2244285714285714	0.3663914602086186	0.048089558628592655	54047
1.4500000000000002	188.4419415788092	0.2339999999999999	0.36639145845859616	0.0480895580023437	54687
1.4500000000000002	188.4419415788092	0.2435714285714286	0.36639145657894395	0.04808955732970648	55309
1.4500000000000002	188.4419415788092	0.2531428571428572	0.3663914545696623	0.048089556610681136	55914
1.4500000000000002	188.4419415788092	0.2627142857142857	0.36639145243075166	0.04808955584526777	56502
1.4500000000000002	188.4419415788092	0.2722857142857143	0.3663914501622123	0.048089555033466534	57075
1.5000000000000002	115.09381198485028	0.1756756756756757	0.38903778235981756	0.04314076747322864	44023
1.5000000000000002	115.09381198485028	0.1851351351351352	0.3890377824121952	0.0431407676808226	44674
1.5000000000000002	115.09381198485028	0.1945945945945947	0.38903778243928705	0.04314076778819881	45302
1.5000000000000002	115.09381198485028	0.2040540540540541	0.3890377824410932	0.04314076779535722	45908
1.5000000000000002	115.09381198485028	0.2135135135135136	0.38903778241761355	0.04314076770229784	46494
1.5000000000000002	115.09381198485028	0.2229729729729731	0.38903778236884823	0.0431407675090207	47062
1.5000000000000002	115.09381198485028	0.2324324324324325	0.38039044875938544	0.07396547178946834	47613
1.5000000000000002	115.09381198485028	0.241891891891892	0.3803904488756712	0.07396547163328615	48148
1.5000000000000002	115.09381198485028	0.2513513513513515	0.3803904489062727	0.07396547159218557	48667
1.5000000000000002	115.09381198485028	0.260810810810811	0.38039044885118994	0.07396547166616661	49173
1.5000000000000002	115.09381198485028	0.2702702702702704	0.380390448710423	0.07396547185522925	49666
1.5000000000000002	130.04826817088951	0.1756756756756757	0.3891557060522545	0.04360814748207601	44703
1.5000000000000002	130.04826817088951	0.1851351351351352	0.3891557061650982	0.0436081479293219	45364
1.5000000000000002	130.04826817088951	0.1945945945945947	0.3891557062234657	0.04360814816065617	46002
1.5000000000000002	130.04826817088951	0.2040540540540541	0.38915570622735685	0.043608148176078464	46617
1.5000000000000002	130.04826817088951	0.2135135135135136	0.3891557061767717	0.04360814797558874	47212
1.5000000000000002	130.04826817088951	0.2229729729729731	0.3891557060717103	0.043608147559187335	47789
1.5000000000000002	130.04826817088951	0.2324324324324325	0.3807900496447119	0.07342877198662211	48348
1.5000000000000002	130.04826817088951	0.241891891891892	0.3807900498952411	0.07342877165013892	48891
1.5000000000000002	130.04826817088951	0.2513513513513515	0.3807900499611699	0.07342877156159067	49419
1.5000000000000002	130.04826817088951	0.260810810810811	0.3807900498424981	0.0734287717209775	49933
1.5000000000000002	130.04826817088951	0.2702702702702704	0.38079004953922596	0.07342877212829917	50434
1.5000000000000002	146.94579806318126	0.1756756756756757	0.3684749606071451	0.0488351433140696	45383
1.5000000000000002	146.94579806318126	0.1851351351351352	0.3684749405420862	0.04883513613374911	46054
1.5000000000000002	146.94579806318126	0.1945945945945947	0.36847491812046573	0.048835128110128447	46702
1.5000000000000002	146.94579806318126	0.2040540540540541	0.3684748933436253	0.04883511924368774	47326
1.5000000000000002	146.94579806318126	0.2135135135135136	0.36847486621304654	0.048835109534957136	47931
1.5000000000000002	146.94579806318126	0.2229729729729731	0.36847483673035	0.04883509898451662	48516
1.5000000000000002	146.94579806318126	0.2324324324324325	0.36847480489729534	0.04883508759299587	49084
1.5000000000000002	146.94579806318126	0.241891891891892	0.3684747707157805	0.048835075361074044	49635
1.5000000000000002	146.94579806318126	0.2513513513513515	0.36847473418784105	0.04883506228947959	50171
1.5000000000000002	146.94579806318126	0.260810810810811	0.3684746953156498	0.048835048378990054	50693
1.5000000000000002	146.94579806318126	0.2702702702702704	0.368474654101516	0.048835033630431804	51201
1.5000000000000002	166.03887058342812	0.1756756756756757	0.36764160663499207	0.04853692596807911	46063
1.5000000000000002	166.03887058342812	0.1851351351351352	0.3676416041446201	0.048536925076894645	46745
1.5000000000000002	166.03887058342812	0.1945945945945947	0.3676416013612709	0.048536924080867704	47401
1.5000000000000002	166.03887058342812	0.2040540540540541	0.367641598284947	0.0485369229799992	48036
1.5000000000000002	166.03887058342812	0.2135135135135136	0.3676415949156514	0.04853692177429018	48649
1.5000000000000002	166.03887058342812	0.2229729729729731	0.367641591253387	0.04853692046374173	49243
1.5000000000000002	166.03887058342812	0.2324324324324325	0.3676415872981574	0.04853691904835507	49819
1.5000000000000002	166.03887058342812	0.241891891891892	0.367641583049966	0.04853691752813151	50379
1.5000000000000002	166.03887058342812	0.2513513513513515	0.36764157850881696	0.04853691590307245	50923
1.5000000000000002	166.03887058342812	0.260810810810811	0.36764157367471434	0.04853691417317939	51452
1.5000000000000002	166.03887058342812	0.2702702702702704	0.36764156854766267	0.04853691233845393	51968
1.5000000000000002	187.61275863612488	0.1756756756756757	0.3664377098563591	0.048106109155335225	46743
1.5000000000000002	187.61275863612488	0.1851351351351352	0.3664377087570278	0.048106108761937376	47435
1.5000000000000002	187.61275863612488	0.1945945945945947	0.366437707528364	0.04810610832225765	48101
1.5000000000000002	187.61275863612488	0.2040540540540541	0.3664377061703681	0.04810610783629615	48745
1.5000000000000002	187.61275863612488	0.2135135135135136	0.36643770468304016	0.04810610730405296	49367
1.5000000000000002	187.61275863612488	0.2229729729729731	0.36643770306638057	0.04810610672552816	49970
1.5000000000000002	187.61275863612488	0.2324324324324325	0.36643770132038955	0.048106106100721864	50555
1.5000000000000002	187.61275863612488	0.241891891891892	0.36643769944506743	0.048106105429634186	51123
1.5000000000000002	187.61275863612488	0.2513513513513515	0.36643769744041454	0.048106104712265244	51675
1.5000000000000002	187.61275863612488	0.260810810810811	0.36643769530643133	0.04810610394861516	52212
1.5000000000000002	187.61275863612488	0.2702702702702704	0.366437693043118	0.048106103138684096	52735
1.55	114.70873606665988	0.1768421052631578	0.34049160845697857	0.04888367406113028	40847
1.55	114.70873606665988	0.1864473684210525	0.34049160918018695	0.04888367418043136	41452
1.55	114.70873606665988	0.1960526315789472	0.3404916095249423	0.048883674237302485	42035
1.55	114.70873606665988	0.205657894736842	0.34049160949124435	0.048883674231743654	42598
1.55	114.70873606665988	0.2152631578947367	0.3404916090790933	0.04888367416375486	43142
1.55	114.70873606665988	0.2248684210526315	0.3404916082884892	0.04888367403333613	43668
1.55	114.70873606665988	0.2344736842105262	0.328804590725995	0.09853838111771841	44179
1.55	114.70873606665988	0.2440789473684209	0.32880459124317324	0.09853838078524106	44675
1.55	114.70873606665988	0.2536842105263157	0.3288045912971121	0.09853838075056551	45157
1.55	114.70873606665988	0.2632894736842104	0.3288045908878115	0.09853838101369176	45626
1.55	114.70873606665988	0.2728947368421051	0.3288045900152716	0.09853838157461974	46083
1.55	129.5914410372836	0.1768421052631578	0.3891520973513241	0.04359384471867094	41467
1.55	129.5914410372836	0.1864473684210525	0.38915209745499735	0.04359384512957058	42081
1.55	129.5914410372836	0.1960526315789472	0.3891520975044187	0.04359384532544761	42673
1.55	129.5914410372836	0.205657894736842	0.389152097499588	0.04359384530630173	43244
1.55	129.5914410372836	0.2152631578947367	0.3891520974405054	0.04359384507213297	43796
1.55	129.5914410372836	0.2248684210526315	0.3891520973271709	0.04359384462294169	44331
1.55	129.5914410372836	0.2344736842105262	0.3807778210650474	0.07344519606508648	44850
1.55	129.5914410372836	0.2440789473684209	0.3807778212702938	0.07344519578942216	45353
1.55	129.5914410372836	0.2536842105263157	0.38077782129169985	0.07344519576067188	45842
1.55	129.5914410372836	0.2632894736842104	0.38077782112926556	0.0734451959788357	46318
1.55	129.5914410372836	0.2728947368421051	0.38077782078299116	0.07344519644391327	46782
1.55	146.40507921175603	0.1768421052631578	0.3684449242179875	0.04882439473356597	42087
1.55	146.40507921175603	0.1864473684210525	0.3684449077245982	0.04882438883137441	42710
1.55	146.40507921175603	0.1960526315789472	0.36844488929298314	0.048824382235584975	43311
1.55	146.40507921175603	0.205657894736842	0.36844486892386563	0.0488243749464565	43891
1.55	146.40507921175603	0.2152631578947367	0.36844484661804455	0.04882436696427489	44451
1.55	146.40507921175603	0.2248684210526315	0.3684448223763944	0.04882435828935305	44994
1.55	146.40507921175603	0.2344736842105262	0.3684447961998648	0.04882434892203083	45520
1.55	146.40507921175603	0.2440789473684209	0.3684447680894806	0.04882433886267496	46031
1.55	146.40507921175603	0.2536842105263157	0.3684447380463415	0.04882432811167896	46528
1.55	146.40507921175603	0.2632894736842104	0.3684447060716218	0.04882431666946308	47011
1.55	146.40507921175603	0.2728947368421051	0.36844467216657034	0.04882430453647424	47482
1.55	165.4001764887686	0.1768421052631578	0.3676771489846467	0.04854964486729658	42707
1.55	165.4001764887686	0.1864473684210525	0.36767714631726806	0.04854964391276991	43340
1.55	165.4001764887686	0.1960526315789472	0.3676771433360893	0.04854964284594928	43949
1.55	165.4001764887686	0.205657894736842	0.36767714004111357	0.04854964166683578	44537
1.55	165.4001764887686	0.2152631578947367	0.36767713643234423	0.04854964037543062	45106
1.55	165.4001764887686	0.2248684210526315	0.367677132509785	0.048549638971735136	45657
1.55	165.4001764887686	0.2344736842105262	0.36767712827343985	0.04854963745575076	46191
1.55	165.4001764887686	0.2440789473684209	0.36767712372331324	0.04854963582747906	46709
1.55	165.4001764887686	0.2536842105263157	0.36767711885940974	0.04854963408692171	47213
1.55	165.4001764887686	0.2632894736842104	0.36767711368173445	0.04854963223408048	47703
1.55	165.4001764887686	0.2728947368421051	0.3676771081902926	0.0485496302689573	48181
1.55	186.8597628566364	0.1768421052631578	0.3664796952610297	0.04812113371436967	43327
1.55	186.8597628566364	0.1864473684210525	0.3664796941050294	0.04812113330069271	43969
1.55	186.8597628566364	0.1960526315789472	0.3664796928130298	0.04812113283834813	44587
1.55	186.8597628566364	0.205657894736842	0.36647969138503117	0.04812113232733603	45184
1.55	186.8597628566364	0.2152631578947367	0.36647968982103374	0.04812113176765651	45761
1.55	186.8597628566364	0.2248684210526315	0.3664796881210379	0.048121131159309674	46320
1.55	186.8597628566364	0.2344736842105262	0.3664796862850439	0.04812113050229564	46861
1.55	186.8597628566364	0.2440789473684209	0.36647968431305217	0.04812112979661454	47387
1.55	186.8597628566364	0.2536842105263157	0.366479682205063	0.0481211290422665	47899
1.55	186.8597628566364	0.2632894736842104	0.36647967996107683	0.04812112823925167	48396
1.55	186.8597628566364	0.2728947368421051	0.3664796775810941	0.04812112738757021	48881
1.6	114.35950717960834	0.1765054491690969	0.34053118248222697	0.048890202226177445	27299
1.6	114.35950717960834	0.1860686303152341	0.3405311832256363	0.04889020234881089	27700
1.6	114.35950717960834	0.1956318114613712	0.3405311835891295	0.04889020240877303	28085
1.6	114.35950717960834	0.2051949926075083	0.34053118357270623	0.04889020240606384	28458
1.6	114.35950717960834	0.2147581737536454	0.34053118317636666	0.04889020234068333	28818
1.6	114.35950717960834	0.2243213548997825	0.34053118240011093	0.04889020221263151	29166
1.6	114.35950717960834	0.2338845360459197	0.3288530306639935	0.09850724063161012	29504
1.6	114.35950717960834	0.2434477171920568	0.3288530312151276	0.09850724027730363	29833
1.6	114.35950717960834	0.2530108983381939	0.3288530313012314	0.0985072402219503	30152
1.6	114.35950717960834	0.262574079484331	0.3288530309223047	0.09850724046555011	30462
1.6	114.35950717960834	0.2721372606304681	0.3288530300783478	0.09850724100810299	30764
1.6	129.17720660530398	0.1765054491690969	0.3891488234212237	0.043580868789511486	27706
1.6	129.17720660530398	0.1860686303152341	0.38914882352329444	0.04358086919405968	28113
1.6	129.17720660530398	0.1956318114613712	0.3891488235732024	0.043580869391865326	28504
1.6	129.17720660530398	0.2051949926075083	0.3891488235709475	0.04358086938292814	28882
1.6	129.17720660530398	0.2147581737536454	0.3891488235165297	0.04358086916724814	29248
1.6	129.17720660530398	0.2243213548997825	0.3891488234099491	0.04358086874482562	29602
1.6	129.17720660530398	0.2338845360459197	0.38076672688877594	0.07346009653812412	29945
1.6	129.17720660530398	0.2434477171920568	0.3807667270982656	0.07346009625676078	30278
1.6	129.17720660530398	0.2530108983381939	0.3807667271309942	0.07346009621280333	30601
1.6	129.17720660530398	0.262574079484331	0.3807667269869617	0.07346009640625187	30916
1.6	129.17720660530398	0.2721372606304681	0.38076672666616834	0.07346009683710608	31223
1.6	145.91485323683554	0.1765054491690969	0.38923474671273145	0.04392141807112894	28114
1.6	145.91485323683554	0.1860686303152341	0.3892347471943303	0.04392141997990313	28526
1.6	145.91485323683554	0.1956318114613712	0.3892347474298138	0.04392142091322062	28923
1.6	145.91485323683554	0.2051949926075083	0.3892347474191742	0.043921420871051595	29307
1.6	145.91485323683554	0.2147581737536454	0.38923474716241196	0.04392141985339741	29678
1.6	145.91485323683554	0.2243213548997825	0.3892347466595352	0.04392141786029057	30037
1.6	145.91485323683554	0.2338845360459197	0.3810578908869192	0.07306903719331877	30385
1.6	145.91485323683554	0.2434477171920568	0.38105789187536343	0.07306903586574962	30723
1.6	145.91485323683554	0.2530108983381939	0.3810578920297893	0.07306903565834183	31051
1.6	145.91485323683554	0.262574079484331	0.3810578913501919	0.07306903657110204	31371
1.6	145.91485323683554	0.2721372606304681	0.38105788983659294	0.0730690386040011	31682
1.6	164.821216951854	0.1765054491690969	0.3677093427334333	0.0485611654631555	28521
1.6	164.821216951854	0.1860686303152341	0.3677093399930507	0.04856116448250426	28939
1.6	164.821216951854	0.1956318114613712	0.3677093369302803	0.048561163386485875	29343
1.6	164.821216951854	0.2051949926075083	0.3677093335451253	0.048561162175101556	29732
1.6	164.821216951854	0.2147581737536454	0.36770932983758947	0.04856116084835262	30108
1.6	164.821216951854	0.2243213548997825	0.3677093258076769	0.048561159406240534	30472
1.6	164.821216951854	0.2338845360459197	0.3677093214553919	0.04856115784876686	30825
1.6	164.821216951854	0.2434477171920568	0.36770931678073937	0.04856115617593332	31168
1.6	164.821216951854	0.2530108983381939	0.3677093117837243	0.04856115438774172	31501
1.6	164.821216951854	0.262574079484331	0.36770930646435224	0.04856115248419404	31825
1.6	164.821216951854	0.2721372606304681	0.367709300822629	0.04856115046529236	32141
1.6	186.1773010414281	0.1765054491690969	0.36651773907509083	0.0481347477675089	28928
1.6	186.1773010414281	0.1860686303152341	0.36651773790819137	0.04813474734993164	29353
1.6	186.1773010414281	0.1956318114613712	0.3665177366040103	0.04813474688322792	29762
1.6	186.1773010414281	0.2051949926075083	0.3665177351625481	0.04813474636739783	30156
1.6	186.1773010414281	0.2147581737536454	0.36651773358380485	0.04813474580244148	30538
1.6	186.1773010414281	0.2243213548997825	0.3665177318677809	0.048134745188358974	30907
1.6	186.1773010414281	0.2338845360459197	0.36651773001447674	0.048134744525150444	31265
1.6	186.1773010414281	0.2434477171920568	0.36651772802389254	0.04813474381281601	31613
1.6	186.1773010414281	0.2530108983381939	0.3665177258960288	0.04813474305135582	31951
1.6	186.1773010414281	0.262574079484331	0.36651772363088597	0.04813474224077003	32280
1.6	186.1773010414281	0.2721372606304681	0.36651772122846443	0.04813474138105879	32600
1.65	114.03368917733864	0.1760444445955363	0.34056808203569805	0.04889628920807312	25447
1.65	114.03368917733864	0.1855500001699784	0.3405680828030711	0.048896289334659636	25817
1.65	114.03368917733864	0.1950555557444204	0.3405680831905874	0.04889628939858465	26173
1.65	114.03368917733864	0.2045611113188624	0.34056808319824666	0.048896289399848136	26516
1.65	114.03368917733864	0.2140666668933045	0.340568082826049	0.04889628933845009	26848
1.65	114.03368917733864	0.2235722224677465	0.3405680820739945	0.048896289214390536	27170
1.65	114.03368917733864	0.2330777780421886	0.3288981969533728	0.09847820466944557	27481
1.65	114.03368917733864	0.2425833336166306	0.3288981975486327	0.09847820428677201	27784
1.65	114.03368917733864	0.2520888891910727	0.328898197678935	0.09847820420300483	28078
1.65	114.03368917733864	0.2615944447655147	0.32889819734427955	0.0984782044181441	28364
1.65	114.03368917733864	0.2711000003399568	0.32889819654466657	0.09847820493218971	28643
1.65	128.790797788822	0.1760444445955363	0.3891457678948452	0.04356875848397133	25821
1.65	128.790797788822	0.1855500001699784	0.3891457679961184	0.043568758885358626	26196
1.65	128.790797788822	0.1950555557444204	0.3891457680472604	0.04356875908805557	26557
1.65	128.790797788822	0.2045611113188624	0.3891457680482713	0.04356875909206189	26905
1.65	128.790797788822	0.2140666668933045	0.38914576799915085	0.04356875889737759	27242
1.65	128.790797788822	0.2235722224677465	0.3891457678998993	0.04356875850400292	27568
1.65	128.790797788822	0.2330777780421886	0.38075637280317637	0.07347400300305955	27885
1.65	128.790797788822	0.2425833336166306	0.38075637302066007	0.07347400271095945	28192
1.65	128.790797788822	0.2520888891910727	0.3807563730682672	0.0734740026470188	28490
1.65	128.790797788822	0.2615944447655147	0.38075637294599773	0.07347400281123763	28781
1.65	128.790797788822	0.2711000003399568	0.3807563726538518	0.07347400320361576	29063
1.65	145.45762497682605	0.1760444445955363	0.389238278103191	0.043935414421396986	26194
1.65	145.45762497682605	0.1855500001699784	0.38923827868302935	0.043935416719534416	26574
1.65	145.45762497682605	0.1950555557444204	0.3892382789758488	0.04393541788009806	26941
1.65	145.45762497682605	0.2045611113188624	0.38923827898163643	0.04393541790303688	27294
1.65	145.45762497682605	0.2140666668933045	0.38923827870039207	0.04393541678834986	27636
1.65	145.45762497682605	0.2235722224677465	0.38923827813212797	0.04393541453608604	27967
1.65	145.45762497682605	0.2330777780421886	0.38106985770621654	0.07305296468248754	28288
1.65	145.45762497682605	0.2425833336166306	0.381069858951438	0.0730529630100435	28599
1.65	145.45762497682605	0.2520888891910727	0.38106985922401987	0.07305296264394169	28902
1.65	145.45762497682605	0.2615944447655147	0.38106985852395003	0.0730529635841982	29197
1.65	145.45762497682605	0.2711000003399568	0.3810698568512594	0.07305296583077169	29484
1.65	164.28130757130282	0.1760444445955363	0.3677393406903738	0.04857190029061522	26567
1.65	164.28130757130282	0.1855500001699784	0.3677393378877808	0.04857189928770186	26953
1.65	164.28130757130282	0.1950555557444204	0.36773933475548193	0.04857189816680259	27325
1.65	164.28130757130282	0.2045611113188624	0.36773933129348074	0.048571896927918704	27683
1.65	164.28130757130282	0.2140666668933045	0.36773932750178123	0.04857189557105164	28030
1.65	164.28130757130282	0.2235722224677465	0.3677393233803879	0.048571894096202974	28365
1.65	164.28130757130282	0.2330777780421886	0.3677393189293054	0.04857189250337441	28691
1.65	164.28130757130282	0.2425833336166306	0.3677393141485389	0.048571890792567796	29007
1.65	164.28130757130282	0.2520888891910727	0.36773930903809404	0.048571888963785115	29314
1.65	164.28130757130282	0.2615944447655147	0.36773930359797663	0.04857188701702848	29613
1.65	164.28130757130282	0.2711000003399568	0.36773929782819303	0.04857188495230015	29904
1.65	185.54096439864688	0.1760444445955363	0.36655320328399765	0.04814743870390717	26941
1.65	185.54096439864688	0.1855500001699784	0.366553202111075	0.048147438284174504	27332
1.65	185.54096439864688	0.1950555557444204	0.36655320080016224	0.048147437815061804	27709
1.65	185.54096439864688	0.2045611113188624	0.36655319935125963	0.04814743729656918	28072
1.65	185.54096439864688	0.2140666668933045	0.36655319776436746	0.04814743672869672	28424
1.65	185.54096439864688	0.2235722224677465	0.36655319603948605	0.04814743611144456	28764
1.65	185.54096439864688	0.2330777780421886	0.3665531941766158	0.0481474354448128	29094
1.65	185.54096439864688	0.2425833336166306	0.3665531921757571	0.0481474347288016	29415
1.65	185.54096439864688	0.2520888891910727	0.3665531900369103	0.04814743396341108	29726
1.65	185.54096439864688	0.2615944447655147	0.3665531877600758	0.048147433148641415	30029
1.65	185.54096439864688	0.2711000003399568	0.3665531853452541	0.04814743228449277	30324
1.7000000000000002	184.96657361498825	0.3267503200659271	0.36658516949570913	0.04815887787517953	29768
1.7000000000000002	184.96657361498825	0.3361982500686741	0.36658516610262726	0.048158876660958576	30000
1.7000000000000002	184.96657361498825	0.3456461800714211	0.3665851625710584	0.04815887539717976	30227
1.7000000000000002	184.96657361498825	0.355094110074168	0.36658515890100324	0.048158874083843346	30449
1.7000000000000002	184.96657361498825	0.3645420400769149	0.3665851550924625	0.048158872720949604	30668
1.7000000000000002	184.96657361498825	0.373989970079662	0.366585151145437	0.04815887130849882	30882
1.7000000000000002	184.96657361498825	0.3834379000824089	0.3665851470599275	0.04815886984649129	31092
1.7000000000000002	184.96657361498825	0.3928858300851559	0.36658514283593496	0.048158868334927295	31299
1.7000000000000002	184.96657361498825	0.4023337600879029	0.36658513847346014	0.04815886677380717	31502
1.7000000000000002	184.96657361498825	0.4117816900906498	0.36658513397250403	0.04815886516313123	31701
1.7000000000000002	184.96657361498825	0.4212296200933968	0.3665851293330675	0.048158863502899815	31897
1.7000000000000002	208.8761258462974	0.3267503200659271	0.46786662027662274	0.04811261940278021	30174
1.7000000000000002	208.8761258462974	0.3361982500686741	0.4678666190236204	0.04811261955899537	30409
1.7000000000000002	208.8761258462974	0.3456461800714211	0.4678666184096366	0.04811261963554238	30639
1.7000000000000002	208.8761258462974	0.355094110074168	0.4678666184346717	0.04811261963242119	30865
1.7000000000000002	208.8761258462974	0.3645420400769149	0.4678666190987256	0.0481126195496318	31086
1.7000000000000002	208.8761258462974	0.373989970079662	0.4678666204017981	0.04811261938717426	31303
1.7000000000000002	208.8761258462974	0.3834379000824089	0.47338692976952407	0.04171374066884015	31516
1.7000000000000002	208.8761258462974	0.3928858300851559	0.4733869289100716	0.041713740836786785	31726
1.7000000000000002	208.8761258462974	0.4023337600879029	0.4733869287365419	0.04171374087069643	31931
1.7000000000000002	208.8761258462974	0.4117816900906498	0.4733869292489351	0.04171374077056906	32134
1.7000000000000002	208.8761258462974	0.4212296200933968	0.4733869304472509	0.04171374053640473	32333
1.7000000000000002	235.87632671064893	0.3267503200659271	0.4646817339919718	0.04850968771683756	30580
1.7000000000000002	235.87632671064893	0.3361982500686741	0.4646817265390461	0.0485096886460138	30819
1.7000000000000002	235.87632671064893	0.3456461800714211	0.4646817228870067	0.04850968910132335	31052
1.7000000000000002	235.87632671064893	0.355094110074168	0.46468172303591837	0.04850968908275813	31280
1.7000000000000002	235.87632671064893	0.3645420400769149	0.4646817269857784	0.04850968859031848	31505
1.7000000000000002	235.87632671064893	0.373989970079662	0.46468173473651697	0.04850968762401312	31725
1.7000000000000002	235.87632671064893	0.3834379000824089	0.46996826793709895	0.04238178549685381	31941
1.7000000000000002	235.87632671064893	0.3928858300851559	0.469968262824996	0.04238178649581601	32153
1.7000000000000002	235.87632671064893	0.4023337600879029	0.4699682617928209	0.042381786697514585	32361
1.7000000000000002	235.87632671064893	0.4117816900906498	0.46996826484059195	0.04238178610194597	32566
1.7000000000000002	235.87632671064893	0.4212296200933968	0.46996827196825514	0.04238178470912072	32768
1.7000000000000002	266.3666863653437	0.3267503200659271	0.46972779759252503	0.04788058143566387	30987
1.7000000000000002	266.3666863653437	0.3361982500686741	0.46972779674939436	0.04788058154077923	31228
1.7000000000000002	266.3666863653437	0.3456461800714211	0.46972779633625183	0.047880581592286815	31464
1.7000000000000002	266.3666863653437	0.355094110074168	0.46972779635309764	0.047880581590186606	31696
1.7000000000000002	266.3666863653437	0.3645420400769149	0.46972779679993176	0.0478805815344786	31923
1.7000000000000002	266.3666863653437	0.373989970079662	0.4697277976767541	0.047880581425162806	32146
1.7000000000000002	266.3666863653437	0.3834379000824089	0.47538471773738167	0.0413233505147931	32365
1.7000000000000002	266.3666863653437	0.3928858300851559	0.47538471715906616	0.04132335062780242	32580
1.7000000000000002	266.3666863653437	0.4023337600879029	0.4753847170423001	0.041323350650619824	32791
1.7000000000000002	266.3666863653437	0.4117816900906498	0.4753847173870835	0.041323350583245294	32999
1.7000000000000002	266.3666863653437	0.4212296200933968	0.47538471819341616	0.04132335042567885	33203
1.7000000000000002	300.7983573200619	0.3267503200659271	0.4754279611412784	0.04716992675983994	31578
1.7000000000000002	300.7983573200619	0.3361982500686741	0.47542796072009913	0.047169926812349494	31822
1.7000000000000002	300.7983573200619	0.3456461800714211	0.4754279605137171	0.04716992683807969	32062
1.7000000000000002	300.7983573200619	0.355094110074168	0.4754279605221323	0.04716992683703055	32296
1.7000000000000002	300.7983573200619	0.3645420400769149	0.4754279607453447	0.04716992680920206	32526
1.7000000000000002	300.7983573200619	0.373989970079662	0.47542796118335434	0.04716992675459422	32751
1.7000000000000002	300.7983573200619	0.3834379000824089	0.481503273336026	0.040127716192667466	32973
1.7000000000000002	300.7983573200619	0.3928858300851559	0.4815032730471331	0.04012771624912038	33190
1.7000000000000002	300.7983573200619	0.4023337600879029	0.4815032729888035	0.04012771626051863	33404
1.7000000000000002	300.7983573200619	0.4117816900906498	0.4815032731610373	0.04012771622686222	33614
1.7000000000000002	300.7983573200619	0.4212296200933968	0.4815032735638344	0.04012771614815115	33821
1.7500000000000002	208.26847962181287	0.3253673063452452	0.46796711406112684	0.04810009057317063	28162
1.7500000000000002	208.26847962181287	0.3347576107762971	0.46796711275513947	0.04810009073599158	28379
1.7500000000000002	208.26847962181287	0.344147915207349	0.4679671120642538	0.04810009082212615	28592
1.7500000000000002	208.26847962181287	0.3535382196384009	0.46796711198847013	0.0481000908315743	28800
1.7500000000000002	208.26847962181287	0.3629285240694528	0.4679671125277885	0.04810009076433603	29005
1.7500000000000002	208.26847962181287	0.3723188285005046	0.4679671136822087	0.048100090620411366	29206
1.7500000000000002	208.26847962181287	0.3817091329315565	0.47349479979635395	0.04169266165691861	29403
1.7500000000000002	208.26847962181287	0.3910994373626084	0.47349479884041296	0.04169266184372018	29596
1.7500000000000002	208.26847962181287	0.4004897417936602	0.4734947985447224	0.041692661901501435	29786
1.7500000000000002	208.26847962181287	0.4098800462247122	0.47349479890928237	0.04169266183026234	29973
1.7500000000000002	208.26847962181287	0.4192703506557639	0.4734947999340927	0.04169266163000291	30157
1.7500000000000002	235.16272743149003	0.3253673063452452	0.4645633138935346	0.048524451468078406	28535
1.7500000000000002	235.16272743149003	0.3347576107762971	0.46456330412419006	0.04852445268604879	28755
1.7500000000000002	235.16272743149003	0.344147915207349	0.46456329895599724	0.048524453330381245	28971
1.7500000000000002	235.16272743149003	0.3535382196384009	0.4645632983890921	0.048524453401058834	29182
1.7500000000000002	235.16272743149003	0.3629285240694528	0.4645633024234894	0.0485244528980797	29389
1.7500000000000002	235.16272743149003	0.3723188285005046	0.4645633110590833	0.04852445182145706	29593
1.7500000000000002	235.16272743149003	0.3817091329315565	0.4698411542706692	0.042406624931577305	29792
1.7500000000000002	235.16272743149003	0.3910994373626084	0.4698411471197474	0.04240662632894756	29989
1.7500000000000002	235.16272743149003	0.4004897417936602	0.46984114490781437	0.042406626761184056	30181
1.7500000000000002	235.16272743149003	0.4098800462247122	0.46984114763492824	0.04240662622827545	30371
1.7500000000000002	235.16272743149003	0.4192703506557639	0.46984115530101733	0.04240662473023574	30557
1.7500000000000002	265.52989906795915	0.3253673063452452	0.46958920251040925	0.04789786045622343	29016
1.7500000000000002	265.52989906795915	0.3347576107762971	0.46958920158604234	0.047897860571466735	29239
1.7500000000000002	265.52989906795915	0.344147915207349	0.4695892010970393	0.04789786063243206	29457
1.7500000000000002	265.52989906795915	0.3535382196384009	0.46958920104340024	0.04789786063911938	29671
1.7500000000000002	265.52989906795915	0.3629285240694528	0.4695892014251252	0.0478978605915287	29881
1.7500000000000002	265.52989906795915	0.3723188285005046	0.4695892022422142	0.047897860489660035	30087
1.7500000000000002	265.52989906795915	0.3817091329315565	0.4752359497505068	0.0413524214463673	30289
1.7500000000000002	265.52989906795915	0.3910994373626084	0.4752359490738998	0.04135242157858388	30487
1.7500000000000002	265.52989906795915	0.4004897417936602	0.47523594886461257	0.04135242161948096	30682
1.7500000000000002	265.52989906795915	0.4098800462247122	0.475235949122645	0.04135242156905853	30874
1.7500000000000002	265.52989906795915	0.4192703506557639	0.47523594984799716	0.0413524214273166	31063
1.7500000000000002	299.8184621735228	0.3253673063452452	0.475265704471411	0.04719015573399808	29624
1.7500000000000002	299.8184621735228	0.3347576107762971	0.47526570401438817	0.047190155790976344	29850
1.7500000000000002	299.8184621735228	0.344147915207349	0.4752657037726167	0.04719015582111864	30070
1.7500000000000002	299.8184621735228	0.3535382196384009	0.47526570374609667	0.04719015582442497	30286
1.7500000000000002	299.8184621735228	0.3629285240694528	0.475265703934828	0.04719015580089533	30498
1.7500000000000002	299.8184621735228	0.3723188285005046	0.4752657043388107	0.04719015575052971	30707
1.7500000000000002	299.8184621735228	0.3817091329315565	0.4813291070223135	0.04016175024189289	30911
1.7500000000000002	299.8184621735228	0.3910994373626084	0.4813291066877875	0.040161750307263024	31111
1.7500000000000002	299.8184621735228	0.4004897417936602	0.48132910658431227	0.04016175032748324	31308
1.7500000000000002	299.8184621735228	0.4098800462247122	0.48132910671188794	0.04016175030255353	31502
1.7500000000000002	299.8184621735228	0.4192703506557639	0.4813291070705144	0.0401617502324739	31693
1.8	207.7244692375384	0.3333169714839202	0.4680570939400497	0.04808887254036513	26534
1.8	207.7244692375384	0.342649650343277	0.4680570931752545	0.0480888726357142	26731
1.8	207.7244692375384	0.3519823292026338	0.4680570930044322	0.048088872657011075	26924
1.8	207.7244692375384	0.3613150080619906	0.4680570934275829	0.04808887260425574	27114
1.8	207.7244692375384	0.3706476869213473	0.4680570944447064	0.04808887247744823	27300
1.8	207.7244692375384	0.3799803657807042	0.47359138566101494	0.04167378769672342	27482
1.8	207.7244692375384	0.389313044640061	0.4735913846121406	0.04167378790168521	27661
1.8	207.7244692375384	0.3986457234994178	0.47359138420083674	0.041673787982058605	27838
1.8	207.7244692375384	0.4079784023587745	0.47359138442710336	0.04167378793784357	28011
1.8	207.7244692375384	0.4173110812181314	0.47359138529094047	0.04167378776904012	28181
1.8	234.5239305853984	0.3333169714839202	0.4644572288902934	0.04853767736992198	26922
1.8	234.5239305853984	0.342649650343277	0.4644572215572139	0.04853767828415667	27122
1.8	234.5239305853984	0.3519823292026338	0.4644572199193026	0.048537678488359465	27318
1.8	234.5239305853984	0.3613150080619906	0.46445722397662625	0.048537677982522044	27509
1.8	234.5239305853984	0.3706476869213473	0.4644572337290194	0.04853767676666503	27698
1.8	234.5239305853984	0.3799803657807042	0.4697272945548361	0.04242887439584428	27883
1.8	234.5239305853984	0.389313044640061	0.46972728449799395	0.04242887636106392	28064
1.8	234.5239305853984	0.3986457234994178	0.469727280554259	0.04242887713171393	28243
1.8	234.5239305853984	0.4079784023587745	0.4697272827237919	0.042428876707762894	28418
1.8	234.5239305853984	0.4173110812181314	0.4697272910065042	0.042428875089228095	28590
1.8	264.7809101118901	0.3333169714839202	0.46946515092117086	0.0479133263005245	27485
1.8	264.7809101118901	0.342649650343277	0.4694651503548018	0.047913326371135254	27687
1.8	264.7809101118901	0.3519823292026338	0.4694651502282993	0.04791332638690665	27885
1.8	264.7809101118901	0.3613150080619906	0.4694651505416636	0.047913326347838694	28078
1.8	264.7809101118901	0.3706476869213473	0.4694651512948944	0.04791332625393138	28269
1.8	264.7809101118901	0.3799803657807042	0.4751027938343851	0.04137844160438376	28456
1.8	264.7809101118901	0.389313044640061	0.47510279305764114	0.041378441756168234	28639
1.8	264.7809101118901	0.3986457234994178	0.47510279275305	0.04137844181568875	28819
1.8	264.7809101118901	0.4079784023587745	0.47510279292061175	0.04137844178294531	28996
1.8	264.7809101118901	0.4173110812181314	0.47510279356032636	0.04137844165793791	29171
1.8	298.9414776764184	0.3333169714839202	0.47512048967806597	0.04720826005170876	28047
1.8	298.9414776764184	0.342649650343277	0.4751204894007139	0.047208260086286986	28251
1.8	298.9414776764184	0.3519823292026338	0.4751204893387654	0.047208260094010274	28451
1.8	298.9414776764184	0.3613150080619906	0.47512048949222047	0.04720826007487862	28647
1.8	298.9414776764184	0.3706476869213473	0.47512048986107913	0.047208260028892016	28839
1.8	298.9414776764184	0.3799803657807042	0.48117323398993966	0.04019220957896931	29028
1.8	298.9414776764184	0.389313044640061	0.4811732336095666	0.04019220965329847	29213
1.8	298.9414776764184	0.3986457234994178	0.48117323346040775	0.04019220968244579	29395
1.8	298.9414776764184	0.4079784023587745	0.48117323354246305	0.04019220966641126	29574
1.8	298.9414776764184	0.4173110812181314	0.4811732338557326	0.04019220960519489	29750
1.85	207.24009256206884	0.3318763321915432	0.4681372230168866	0.04807888263347272	24852
1.85	207.24009256206884	0.341151385479205	0.46813722218054327	0.048078882737741885	25035
1.85	207.24009256206884	0.3504264387668667	0.4681372219193925	0.048078882770300244	25214
1.85	207.24009256206884	0.3597014920545284	0.46813722223343446	0.04807888273114779	25390
1.85	207.24009256206884	0.3689765453421901	0.468137223122669	0.04807888262028454	25563
1.85	207.24009256206884	0.3782515986298519	0.47367739627829997	0.041656980258360676	25732
1.85	207.24009256206884	0.3875266519175136	0.47367739513928186	0.041656980480937585	25898
1.85	207.24009256206884	0.3968017052051753	0.47367739461767533	0.04165698058286534	26062
1.85	207.24009256206884	0.4060767584928371	0.4736773947134806	0.04165698056414393	26223
1.85	207.24009256206884	0.4153518117804989	0.47367739542669757	0.04165698042477334	26381
1.85	207.24009256206884	0.4246268650681605	0.473677396757326	0.04165698016475363	26536
1.85	233.95521412513543	0.3318763321915432	0.4643627221911575	0.04854945977354307	25358
1.85	233.95521412513543	0.341151385479205	0.4643627116312155	0.04854946109007936	25543
1.85	233.95521412513543	0.3504264387668667	0.4643627083337717	0.04854946150118052	25724
1.85	233.95521412513543	0.3597014920545284	0.46436271229904735	0.04854946100681897	25902
1.85	233.95521412513543	0.3689765453421901	0.4643627235267763	0.04854945960702789	26077
1.85	233.95521412513543	0.3782515986298519	0.4696258533195793	0.04244869714985812	26248
1.85	233.95521412513543	0.3875266519175136	0.46962583893817317	0.04244869996014601	26416
1.85	233.95521412513543	0.3968017052051753	0.46962583235209726	0.042448701247139044	26581
1.85	233.95521412513543	0.4060767584928371	0.46962583356179344	0.04244870101075086	26743
1.85	233.95521412513543	0.4153518117804989	0.4696258425671806	0.0424486992509973	26903
1.85	233.95521412513543	0.4246268650681605	0.46962585936765433	0.042448695967996476	27060
1.85	264.1141563857617	0.3318763321915432	0.4693547248542333	0.04792709341442059	25877
1.85	264.1141563857617	0.341151385479205	0.46935472420941055	0.047927093494812376	26064
1.85	264.1141563857617	0.3504264387668667	0.4693547240080627	0.04792709351991495	26247
1.85	264.1141563857617	0.3597014920545284	0.4693547242501898	0.04792709348972831	26427
1.85	264.1141563857617	0.3689765453421901	0.46935472493579183	0.047927093404252476	26603
1.85	264.1141563857617	0.3782515986298519	0.47498426256786536	0.041401603941999425	26776
1.85	264.1141563857617	0.3875266519175136	0.47498426168967955	0.041401604113606764	26945
1.85	264.1141563857617	0.3968017052051753	0.47498426128751964	0.04140160419219332	27112
1.85	264.1141563857617	0.4060767584928371	0.4749842613613857	0.04140160417775906	27276
1.85	264.1141563857617	0.4153518117804989	0.47498426191127774	0.04140160407030399	27437
1.85	264.1141563857617	0.4246268650681605	0.47498426293719564	0.04140160386982815	27596
1.85	298.1608589670165	0.3318763321915432	0.47499123452230346	0.04722437463860286	26396
1.85	298.1608589670165	0.341151385479205	0.47499123420930706	0.04722437467762496	26584
1.85	298.1608589670165	0.3504264387668667	0.47499123411157296	0.04722437468980974	26769
1.85	298.1608589670165	0.3597014920545284	0.4749912342291013	0.047224374675157166	26950
1.85	298.1608589670165	0.3689765453421901	0.4749912345618919	0.047224374633667264	27128
1.85	298.1608589670165	0.3782515986298519	0.48103449154407435	0.0402193214074945	27303
1.85	298.1608589670165	0.3875266519175136	0.48103449111780366	0.04021932149079257	27474
1.85	298.1608589670165	0.3968017052051753	0.48103449092259554	0.040219321528938416	27642
1.85	298.1608589670165	0.4060767584928371	0.4810344909584501	0.04021932152193204	27808
1.85	298.1608589670165	0.4153518117804989	0.48103449122536723	0.04021932146977344	27970
1.85	298.1608589670165	0.4246268650681605	0.48103449172334695	0.04021932137246262	28130
1.9	206.81172188379583	0.3304356928991662	0.46820809894787063	0.04807004634108805	23440
1.9	206.81172188379583	0.3396531206151329	0.4682080980418274	0.048070046454046896	23610
1.9	206.81172188379583	0.3488705483310995	0.4682080976941964	0.04807004649738698	23776
1.9	206.81172188379583	0.3580879760470662	0.46820809790497797	0.04807004647110828	23939
1.9	206.81172188379583	0.3673054037630329	0.46820809867417185	0.04807004637521082	24099
1.9	206.81172188379583	0.3765228314789995	0.47375347457435574	0.04164211370685738	24256
1.9	206.81172188379583	0.3857402591949662	0.47375347334735973	0.04164211394662614	24411
1.9	206.81172188379583	0.3949576869109328	0.47375347271976337	0.041642114069265504	24562
1.9	206.81172188379583	0.4041751146268995	0.4737534726915668	0.04164211407477542	24711
1.9	206.81172188379583	0.4133925423428661	0.4737534732627702	0.04164211396315588	24858
1.9	206.81172188379583	0.4226099700588327	0.4737534744333732	0.04164211373440694	25002
1.9	233.4522997376952	0.3304356928991662	0.464279089137877	0.04855988653057537	23920
1.9	233.4522997376952	0.3396531206151329	0.46427907346161684	0.04855988848497676	24091
1.9	233.4522997376952	0.3488705483310995	0.464279067446675	0.04855988923487569	24260
1.9	233.4522997376952	0.3580879760470662	0.46427907109377486	0.04855988878018198	24424
1.9	233.4522997376952	0.3673054037630329	0.4642790844024777	0.048559887120950294	24586
1.9	233.4522997376952	0.3765228314789995	0.4695360853346223	0.042466238819965085	24745
1.9	233.4522997376952	0.3857402591949662	0.46953606410593407	0.042466242968288645	24901
1.9	233.4522997376952	0.3949576869109328	0.4695360532469977	0.042466245090246484	25054
1.9	233.4522997376952	0.4041751146268995	0.4695360527591191	0.04246624518558343	25204
1.9	233.4522997376952	0.4133925423428661	0.46953606264235687	0.04246624325428802	25352
1.9	233.4522997376952	0.4226099700588327	0.46953608289552257	0.04246623929659251	25498
1.9	263.52459984565724	0.3304356928991662	0.46925709031409546	0.047939265774367364	24399
1.9	263.52459984565724	0.3396531206151329	0.4692570895901612	0.04793926586462218	24573
1.9	263.52459984565724	0.3488705483310995	0.46925708931240195	0.047939265899251175	24742
1.9	263.52459984565724	0.3580879760470662	0.4692570894808177	0.04793926587825433	24909
1.9	263.52459984565724	0.3673054037630329	0.4692570900954084	0.047939265801631666	25072
1.9	263.52459984565724	0.3765228314789995	0.4748794617324173	0.04142208319953479	25232
1.9	263.52459984565724	0.3857402591949662	0.47487946075203985	0.04142208339111154	25389
1.9	263.52459984565724	0.3949576869109328	0.4748794602505864	0.04142208348910115	25544
1.9	263.52459984565724	0.4041751146268995	0.47487946022805727	0.041422083493503604	25696
1.9	263.52459984565724	0.4133925423428661	0.47487946068445225	0.0414220834043189	25845
1.9	263.52459984565724	0.4226099700588327	0.4748794616197714	0.04142208322154707	25992
1.9	297.47068159894667	0.3304356928991662	0.47487695802852314	0.04723862179553918	24878
1.9	297.47068159894667	0.3396531206151329	0.47487695767994226	0.047238621838997685	25053
1.9	297.47068159894667	0.3488705483310995	0.4748769575461987	0.04723862185567186	25224
1.9	297.47068159894667	0.3580879760470662	0.4748769576272924	0.04723862184556169	25392
1.9	297.47068159894667	0.3673054037630329	0.4748769579232233	0.04723862180866718	25557
1.9	297.47068159894667	0.3765228314789995	0.48091182719611403	0.040243291395534654	25718
1.9	297.47068159894667	0.3857402591949662	0.48091182672405336	0.040243291487780594	25877
1.9	297.47068159894667	0.3949576869109328	0.48091182648259906	0.04024329153496347	26033
1.9	297.47068159894667	0.4041751146268995	0.480911826471751	0.040243291537083295	26186
1.9	297.47068159894667	0.4133925423428661	0.48091182669150934	0.040243291494140056	26337
1.9	297.47068159894667	0.4226099700588327	0.48091182714187397	0.040243291406133766	26485
1.95	206.43606047425936	0.3289950536067893	0.4682702662923728	0.048062295771534015	21758
1.95	206.43606047425936	0.3381548557510609	0.46827026531805305	0.04806229589300507	21913
1.95	206.43606047425936	0.3473146578953324	0.4682702648870849	0.04806229594673502	22064
1.95	206.43606047425936	0.356474460039604	0.46827026499946856	0.04806229593272385	22213
1.95	206.43606047425936	0.3656342621838756	0.46827026565520397	0.04806229585097156	22359
1.95	206.43606047425936	0.3747940643281472	0.4682702668542908	0.04806229570147819	22503
1.95	206.43606047425936	0.3839538664724188	0.47382020376601214	0.04162907407511001	22643
1.95	206.43606047425936	0.3931136686166903	0.47382020303592065	0.04162907421777806	22782
1.95	206.43606047425936	0.4022734707609618	0.4738202028890629	0.04162907424647572	22918
1.95	206.43606047425936	0.4114332729052334	0.4738202033254389	0.041629074161202956	23051
1.95	206.43606047425936	0.420593075049505	0.4738202043450485	0.04162907396195982	23183
1.95	233.0113012073573	0.3289950536067893	0.4642057299387602	0.04856903241865756	22194
1.95	233.0113012073573	0.3381548557510609	0.4642057053431304	0.04856903548506068	22351
1.95	233.0113012073573	0.3473146578953324	0.46420569446266485	0.0485690368415575	22504
1.95	233.0113012073573	0.356474460039604	0.4642056973000342	0.048569036487815055	22654
1.95	233.0113012073573	0.3656342621838756	0.46420571385454185	0.04856903442392019	22801
1.95	233.0113012073573	0.3747940643281472	0.4642057441221251	0.048569030650379416	22946
1.95	233.0113012073573	0.3839538664724188	0.4694573151759554	0.042481631391584826	23088
1.95	233.0113012073573	0.3931136686166903	0.46945729674435827	0.04248163499332543	23228
1.95	233.0113012073573	0.4022734707609618	0.46945729303661815	0.04248163571785939	23365
1.95	233.0113012073573	0.4114332729052334	0.4694573040536453	0.04248163356500884	23500
1.95	233.0113012073573	0.420593075049505	0.46945732979273547	0.04248162853530221	23632
1.95	263.0076662265879	0.3289950536067893	0.4691714908975355	0.047949937683182925	22630
1.95	263.0076662265879	0.3381548557510609	0.4691714900942675	0.04794993778332851	22788
1.95	263.0076662265879	0.3473146578953324	0.46917148973896017	0.04794993782762562	22943
1.95	263.0076662265879	0.356474460039604	0.4691714898316138	0.047949937816074255	23094
1.95	263.0076662265879	0.3656342621838756	0.4691714903722281	0.04794993774867441	23243
1.95	263.0076662265879	0.3747940643281472	0.4691714913608032	0.047949937625426105	23389
1.95	263.0076662265879	0.3839538664724188	0.47478757832202	0.04144003824747606	23532
1.95	263.0076662265879	0.3931136686166903	0.4747875777201035	0.04144003836509729	23673
1.95	263.0076662265879	0.4022734707609618	0.4747875775990281	0.04144003838875678	23811
1.95	263.0076662265879	0.4114332729052334	0.47478757795879384	0.04144003831845452	23947
1.95	263.0076662265879	0.420593075049505	0.4747875787994007	0.04144003815419053	24081
1.95	296.86556890388334	0.3289950536067893	0.4747767703225123	0.04725111246552219	23066
1.95	296.86556890388334	0.3381548557510609	0.4747767699385259	0.047251112513394804	23225
1.95	296.86556890388334	0.3473146578953324	0.4747767697686783	0.04725111253457016	23381
1.95	296.86556890388334	0.356474460039604	0.4747767698129695	0.047251112529048254	23533
1.95	296.86556890388334	0.3656342621838756	0.47477677007139946	0.0472511124968291	23683
1.95	296.86556890388334	0.3747940643281472	0.4747767705439682	0.04725111243791268	23831
1.95	296.86556890388334	0.3839538664724188	0.48080428523750574	0.0402643062992497	23975
1.95	296.86556890388334	0.3931136686166903	0.48080428494977145	0.0402643063554762	24117
1.95	296.86556890388334	0.4022734707609618	0.48080428489189375	0.04026430636678615	24257
1.95	296.86556890388334	0.4114332729052334	0.4808042850638727	0.040264306333179546	24394
1.95	296.86556890388334	0.420593075049505	0.4808042854657081	0.0402643062546564	24528
2.0	206.1101051554335	0.3275544143144123	0.46832422131969365	0.048055569053586045	20622
2.0	206.1101051554335	0.3366565908869888	0.4683242202781634	0.04805556918343641	20766
2.0	206.1101051554335	0.3457587674595652	0.4683242197664156	0.04805556924723739	20907
2.0	206.1101051554335	0.3548609440321417	0.4683242197844504	0.04805556924498894	21046
2.0	206.1101051554335	0.3639631206047183	0.46832422033226784	0.048055569176691064	21182
2.0	206.1101051554335	0.3730652971772948	0.4683242214098678	0.048055569042343795	21315
2.0	206.1101051554335	0.3821674737498713	0.47387811909042166	0.041617756771781686	21447
2.0	206.1101051554335	0.3912696503224477	0.473878118260649	0.04161775693392855	21575
2.0	206.1101051554335	0.4003718268950242	0.473878117999545	0.04161775698495121	21702
2.0	206.1101051554335	0.4094740034676008	0.47387811830710963	0.04161775692484963	21826
2.0	206.1101051554335	0.4185761800401772	0.4738781191833429	0.04161775675362384	21949
2.0	232.628679934583	0.3275544143144123	0.4641422115133532	0.04857695143109121	21027
2.0	232.628679934583	0.3366565908869888	0.464142168640195	0.04857695677620282	21173
2.0	232.628679934583	0.3457587674595652	0.46414214756833494	0.04857695940328812	21315
2.0	232.628679934583	0.3548609440321417	0.4641421483110142	0.048576959310696305	21455
2.0	232.628679934583	0.3639631206047183	0.464142170867766	0.04857695649848557	21592
2.0	232.628679934583	0.3730652971772948	0.4641422152244168	0.04857695096842297	21727
2.0	232.628679934583	0.3821674737498713	0.4693891243748437	0.042494956638197016	21859
2.0	232.628679934583	0.3912696503224477	0.4693890902121902	0.0424949633139623	21989
2.0	232.628679934583	0.4003718268950242	0.4693890794600896	0.04249496541504324	22117
2.0	232.628679934583	0.4094740034676008	0.46938909212530033	0.042494962940119146	22242
2.0	232.628679934583	0.4185761800401772	0.46938912819986167	0.04249495589074565	22366
2.0	262.55919226908406	0.3275544143144123	0.4690972381198036	0.04795919497610738	21432
2.0	262.55919226908406	0.3366565908869888	0.4690972372374141	0.04795919508611725	21579
2.0	262.55919226908406	0.3457587674595652	0.46909723680385884	0.04795919514016974	21722
2.0	262.55919226908406	0.3548609440321417	0.46909723681913806	0.04795919513826485	21864
2.0	262.55919226908406	0.3639631206047183	0.46909723728325164	0.047959195080402556	22002
2.0	262.55919226908406	0.3730652971772948	0.4690972381961996	0.047959194966582894	22138
2.0	262.55919226908406	0.3821674737498713	0.4747078753805354	0.041455613095310165	22271
2.0	262.55919226908406	0.3912696503224477	0.474707874677548	0.04145561323268178	22402
2.0	262.55919226908406	0.4003718268950242	0.4747078744563394	0.041455613275908416	22531
2.0	262.55919226908406	0.4094740034676008	0.4747078747169096	0.04145561322499007	22657
2.0	262.55919226908406	0.4185761800401772	0.4747078754592587	0.04145561307992675	22781
2.0	296.34062947173834	0.3275544143144123	0.47468986182398887	0.04726194758109673	21836
2.0	296.34062947173834	0.3366565908869888	0.4746898614048895	0.04726194763334697	21984
2.0	296.34062947173834	0.3457587674595652	0.47468986119896833	0.04726194765901971	22129
2.0	296.34062947173834	0.3548609440321417	0.4746898612062253	0.047261947658114964	22271
2.0	296.34062947173834	0.3639631206047183	0.4746898614266605	0.04726194763063272	22411
2.0	296.34062947173834	0.3730652971772948	0.47468986186027384	0.04726194757657298	22548
2.0	296.34062947173834	0.3821674737498713	0.4807109976548302	0.040282535738187825	22682
2.0	296.34062947173834	0.3912696503224477	0.48071099732093964	0.04028253580343378	22814
2.0	296.34062947173834	0.4003718268950242	0.4807109972158745	0.04028253582396468	22943
2.0	296.34062947173834	0.4094740034676008	0.48071099733963485	0.04028253579978053	23071
2.0	296.34062947173834	0.4185761800401772	0.4807109976922206	0.04028253573088132	23196
2.05	205.9022044241649	0.3315244600008093	0.46835864734862753	0.048051277068238134	19552
2.05	205.9022044241649	0.3407854384008417	0.4683586465352648	0.04805127716964225	19687
2.05	205.9022044241649	0.3500464168008741	0.4683586462659618	0.04805127720321698	19820
2.05	205.9022044241649	0.3593073952009065	0.46835864654071857	0.04805127716896231	19950
2.05	205.9022044241649	0.3685683736009388	0.46835864735953503	0.04805127706687827	20077
2.05	205.9022044241649	0.3778293520009712	0.4739150731370862	0.041610535536994946	20202
2.05	205.9022044241649	0.3870903304010036	0.4739150720310107	0.04161053575313449	20325
2.05	205.9022044241649	0.396351308801036	0.47391507150892875	0.04161053585515515	20446
2.05	205.9022044241649	0.4056122872010683	0.47391507157084056	0.04161053584305689	20564
2.05	205.9022044241649	0.4148732656011007	0.4739150722167461	0.04161053571683971	20681
2.05	205.9022044241649	0.4241342440011331	0.4739150734466451	0.04161053547650367	20795
2.05	232.3846491797113	0.3315244600008093	0.4641023536823936	0.04858192061376419	19928
2.05	232.3846491797113	0.3407854384008417	0.4641022989961221	0.04858192743164832	20065
2.05	232.3846491797113	0.3500464168008741	0.4641022808793296	0.048581929690317424	20199
2.05	232.3846491797113	0.3593073952009065	0.4641022993629586	0.048581927385913826	20330
2.05	232.3846491797113	0.3685683736009388	0.46410235441544045	0.04858192052237328	20458
2.05	232.3846491797113	0.3778293520009712	0.46934640158451024	0.0425033051501352	20584
2.05	232.3846491797113	0.3870903304010036	0.4693463272463519	0.042503319676644294	20708
2.05	232.3846491797113	0.396351308801036	0.4693462921299349	0.04250332653878565	20830
2.05	232.3846491797113	0.4056122872010683	0.4693462962951984	0.04250332572484649	20949
2.05	232.3846491797113	0.4148732656011007	0.4693463397350265	0.04250331723621734	21067
2.05	232.3846491797113	0.4241342440011331	0.46934642237530877	0.04250330108738021	21182
2.05	262.27317636255333	0.3315244600008093	0.4690498936808573	0.047965097534275	20305
2.05	262.27317636255333	0.3407854384008417	0.469049892979676	0.047965097621693153	20442
2.05	262.27317636255333	0.3500464168008741	0.4690498927475161	0.047965097650637153	20577
2.05	262.27317636255333	0.3593073952009065	0.46904989298437755	0.047965097621107	20709
2.05	262.27317636255333	0.3685683736009388	0.4690498936902604	0.04796509753310269	20839
2.05	262.27317636255333	0.3778293520009712	0.47465705684330867	0.04146554360690378	20966
2.05	262.27317636255333	0.3870903304010036	0.4746570558897864	0.04146554379323271	21090
2.05	262.27317636255333	0.396351308801036	0.4746570554397116	0.04146554388118237	21213
2.05	262.27317636255333	0.4056122872010683	0.47465705549308435	0.04146554387075274	21333
2.05	262.27317636255333	0.4148732656011007	0.4746570560499046	0.041465543761943814	21452
2.05	262.27317636255333	0.4241342440011331	0.4746570571101723	0.04146554355475563	21568
2.05	296.00586476823344	0.3315244600008093	0.47463444348856104	0.04726885673359056	20680
2.05	296.00586476823344	0.3407854384008417	0.47463444315691944	0.04726885677493722	20819
2.05	296.00586476823344	0.3500464168008741	0.47463444304711344	0.04726885678862702	20955
2.05	296.00586476823344	0.3593073952009065	0.47463444315914316	0.04726885677465998	21088
2.05	296.00586476823344	0.3685683736009388	0.4746344434930085	0.04726885673303609	21218
2.05	296.00586476823344	0.3778293520009712	0.4806515120815762	0.04029415988573493	21346
2.05	296.00586476823344	0.3870903304010036	0.4806515116305834	0.04029415997386397	21472
2.05	296.00586476823344	0.396351308801036	0.480651511417709	0.040294160015462016	21595
2.05	296.00586476823344	0.4056122872010683	0.48065151144295304	0.04029416001052905	21717
2.05	296.00586476823344	0.4148732656011007	0.4806515117063154	0.040294159959065094	21836
2.05	296.00586476823344	0.4241342440011331	0.48065151220779617	0.04029415986107013	21953
2.1	205.73573575183684	0.3260747254597181	0.46838623107567084	0.04804783813101601	18429
2.1	205.73573575183684	0.3354945056872063	0.4683862299347412	0.04804783827325877	18558
2.1	205.73573575183684	0.3449142859146946	0.46838622935311885	0.04804783834577119	18685
2.1	205.73573575183684	0.3543340661421829	0.468386229330804	0.04804783834855325	18810
2.1	205.73573575183684	0.3637538463696712	0.4683862298677966	0.048047838281604936	18932
2.1	205.73573575183684	0.3731736265971594	0.46838623096409654	0.04804783814492628	19051
2.1	205.73573575183684	0.3825934068246477	0.47394468008542917	0.04160475000754415	19169
2.1	205.73573575183684	0.3920131870521359	0.47394467927621703	0.04160475016567327	19284
2.1	205.73573575183684	0.4014329672796242	0.4739446790673655	0.0416047502064852	19397
2.1	205.73573575183684	0.4108527475071124	0.47394467945887464	0.041604750129979925	19508
2.1	205.73573575183684	0.4202725277346007	0.4739446804507443	0.04160474993615748	19617
2.1	232.1892578579815	0.3260747254597181	0.4640737230073101	0.048585490076806105	18778
2.1	232.1892578579815	0.3354945056872063	0.4640735836080528	0.048585507456085336	18909
2.1	232.1892578579815	0.3449142859146946	0.46407351233424227	0.04858551634198243	19037
2.1	232.1892578579815	0.3543340661421829	0.46407350959685406	0.048585516683259965	19162
2.1	232.1892578579815	0.3637538463696712	0.464073575411738	0.04858550847794189	19285
2.1	232.1892578579815	0.3731736265971594	0.4640737093991627	0.04858549177337033	19406
2.1	232.1892578579815	0.3825934068246477	0.46931552375387003	0.042509339024227044	19524
2.1	232.1892578579815	0.3920131870521359	0.46931542466082043	0.04250935838811927	19640
2.1	232.1892578579815	0.4014329672796242	0.46931539904374564	0.04250936339398272	19754
2.1	232.1892578579815	0.4108527475071124	0.4693154470509042	0.042509354012846015	19866
2.1	232.1892578579815	0.4202725277346007	0.46931556840478045	0.042509330298938844	19976
2.1	262.04417656284045	0.3260747254597181	0.469012003394844	0.04796982141784314	19127
2.1	262.04417656284045	0.3354945056872063	0.469012002397455	0.047969821542190295	19259
2.1	262.04417656284045	0.3449142859146946	0.4690120018890067	0.04796982160557991	19388
2.1	262.04417656284045	0.3543340661421829	0.4690120018694993	0.047969821608011956	19514
2.1	262.04417656284045	0.3637538463696712	0.46901200233893275	0.047969821549486424	19638
2.1	262.04417656284045	0.3731736265971594	0.4690120032973069	0.04796982143000335	19759
2.1	262.04417656284045	0.3825934068246477	0.4746163841746707	0.04147349150209112	19878
2.1	262.04417656284045	0.3920131870521359	0.4746163834672658	0.04147349164032597	19995
2.1	262.04417656284045	0.4014329672796242	0.4746163832846899	0.04147349167600334	20110
2.1	262.04417656284045	0.4108527475071124	0.4746163836269432	0.04147349160912322	20223
2.1	262.04417656284045	0.4202725277346007	0.47461638449402543	0.04147349143968563	20334
2.1	295.73784379162515	0.3260747254597181	0.4745900818188658	0.047274387421916725	19476
2.1	295.73784379162515	0.3354945056872063	0.4745900813487234	0.047274387480530644	19608
2.1	295.73784379162515	0.3449142859146946	0.4745900811090545	0.047274387510410805	19738
2.1	295.73784379162515	0.3543340661421829	0.47459008109985923	0.0472743875115572	19865
2.1	295.73784379162515	0.3637538463696712	0.47459008132113756	0.047274387483969844	19990
2.1	295.73784379162515	0.3731736265971594	0.4745900817728894	0.04727438742764872	20112
2.1	295.73784379162515	0.3825934068246477	0.4806038936835659	0.04030346505426824	20232
2.1	295.73784379162515	0.3920131870521359	0.48060389335011416	0.040303465119428436	20350
2.1	295.73784379162515	0.4014329672796242	0.4806038932640528	0.04030346513624579	20466
2.1	295.73784379162515	0.4108527475071124	0.4806038934253818	0.0403034651047203	20579
2.1	295.73784379162515	0.4202725277346007	0.4806038938341011	0.040303465024851964	20691
2.15	232.04006107985305	0.3298859693186593	0.4640639834127685	0.0485867043381764	17838
2.15	232.04006107985305	0.3394645513736034	0.4640638277189587	0.04858672374894119	17961
2.15	232.04006107985305	0.3490431334285476	0.4640637690969757	0.04858673105750102	18081
2.15	232.04006107985305	0.3586217154834917	0.464063808209985	0.048586726181177264	18199
2.15	232.04006107985305	0.3682002975384358	0.4640639446148525	0.04858670917521663	18315
2.15	232.04006107985305	0.37777887959338	0.46930523116382	0.04251135031165085	18428
2.15	232.04006107985305	0.3873574616483241	0.4693050413319966	0.0425113874069162	18539
2.15	232.04006107985305	0.3969360437032681	0.4693049553838191	0.04251140420215313	18647
2.15	232.04006107985305	0.4065146257582124	0.4693049742893039	0.04251140050780957	18754
2.15	232.04006107985305	0.4160932078131565	0.469305097834054	0.04251137636578108	18859
2.15	261.86932203509485	0.3298859693186593	0.4689830900175841	0.0479734261261235	18164
2.15	261.86932203509485	0.3394645513736034	0.46898308920400283	0.04797342622755486	18287
2.15	261.86932203509485	0.3490431334285476	0.4689830888989427	0.047973426265587524	18408
2.15	261.86932203509485	0.3586217154834917	0.4689830891024039	0.047973426240221474	18527
2.15	261.86932203509485	0.3682002975384358	0.46898308981438624	0.04797342615145672	18643
2.15	261.86932203509485	0.37777887959338	0.4745853496191921	0.04147955600197249	18757
2.15	261.86932203509485	0.3873574616483241	0.474585348625819	0.041479556196088715	18869
2.15	261.86932203509485	0.3969360437032681	0.47458534817829257	0.04147955628354041	18978
2.15	261.86932203509485	0.4065146257582124	0.4745853482766128	0.04147955626432753	19086
2.15	261.86932203509485	0.4160932078131565	0.4745853489207797	0.041479556138450106	19192
2.15	295.5332001896044	0.3298859693186593	0.4745562185309799	0.04727860924882907	18489
2.15	295.5332001896044	0.3394645513736034	0.47455621814848126	0.0472786092965162	18613
2.15	295.5332001896044	0.3490431334285476	0.4745562180050597	0.047278609314396945	18735
2.15	295.5332001896044	0.3586217154834917	0.47455621810071535	0.047278609302471304	18854
2.15	295.5332001896044	0.3682002975384358	0.47455621843544804	0.04727860926073928	18971
2.15	295.5332001896044	0.37777887959338	0.4805675453324706	0.04031056792935395	19086
2.15	295.5332001896044	0.3873574616483241	0.4805675448654443	0.040310568020616125	19198
2.15	295.5332001896044	0.3969360437032681	0.48056754465504337	0.04031056806173083	19308
2.15	295.5332001896044	0.4065146257582124	0.4805675447012678	0.04031056805269805	19417
2.15	295.5332001896044	0.4160932078131565	0.48056754500411764	0.0403105679935178	19523
