M1	Pi	M2	MWD	Pf	N
1.0	73.86213164147249	0.1799999999999999	0.345764546955565	0.041040083395962844	165602
1.0	73.86213164147249	0.1899999999999999	0.3457645480090109	0.04104008402883302	168310
1.0	83.69474720437096	0.1799999999999999	0.34667176829223767	0.041585107427559005	168970
1.0	83.69474720437096	0.1899999999999999	0.34667177247947717	0.041585109943093064	171733
1.0	94.83629234537908	0.1799999999999999	0.3462537062901184	0.041333951696711786	172339
1.0	94.83629234537908	0.1899999999999999	0.3462537080562617	0.04133395275774344	175157
1.0	107.46101334001642	0.1799999999999999	0.34508886315685283	0.04063415830009924	175707
1.0	107.46101334001642	0.1899999999999999	0.3450888638332631	0.04063415870646077	178580
1.0	121.76635233701076	0.1	0.3856806384770657	0.05863924393002785	150125
1.0	121.76635233701076	0.11	0.38568063755889315	0.05863924451109401	154480
1.0	121.76635233701076	0.12	0.3856806367040402	0.058639245052088326	158565
1.0	137.97603522076352	0.1	0.3854627771316528	0.058777117637886026	152949
1.0	137.97603522076352	0.11	0.38546277325905387	0.058777120088663	157386
1.0	137.97603522076352	0.12	0.38546276965333165	0.0587771223705469	161548
1.0	156.34357053377042	0.1	0.37183708749179784	0.04215845494024708	155773
1.0	156.34357053377042	0.11	0.3718370873325626	0.04215845457747872	160291
1.0	156.34357053377042	0.12	0.3718370868548579	0.042158453489175664	164531
1.0	177.15621417979145	0.1	0.37135033988751853	0.04104955052127241	158597
1.0	177.15621417979145	0.11	0.37135033984598753	0.041049550426656846	163197
1.0	177.15621417979145	0.12	0.3713503397213946	0.041049550142810184	167513
1.0	200.73946191306345	0.1	0.47511181922280166	0.04286021989317948	161421
1.0	200.73946191306345	0.11	0.475111800447733	0.04286022367433524	166103
1.0	200.73946191306345	0.12	0.47511178243894947	0.042860227301167016	170496
1.05	73.38575020828445	0.1781818181818181	0.3457205840104621	0.0410136721326776	145402
1.05	73.38575020828445	0.1879545454545454	0.34572058513188275	0.04101367280638444	147734
1.05	73.38575020828445	0.1977272727272727	0.3457205856060408	0.041013673091240536	149982
1.05	73.38575020828445	0.2075	0.3457205854329355	0.041013672987245446	152154
1.05	83.12132776436124	0.1781818181818181	0.3466188308129447	0.041553304605887485	148291
1.05	83.12132776436124	0.1879545454545454	0.3466188347488254	0.04155330697041473	150669
1.05	83.12132776436124	0.1977272727272727	0.34661883641300273	0.04155330797018911	152962
1.05	83.12132776436124	0.2075	0.346618835805445	0.041553307605191575	155177
1.05	94.14845674672132	0.1781818181818181	0.34631715393649354	0.04137206862653345	151179
1.05	94.14845674672132	0.1879545454545454	0.3463171560721989	0.04137206990958389	153604
1.05	94.14845674672132	0.1977272727272727	0.3463171569752173	0.04137207045208298	155942
1.05	94.14845674672132	0.2075	0.3463171566455438	0.04137207025402767	158200
1.05	106.63847830868892	0.1781818181818181	0.34516474987181417	0.04067974814864108	154068
1.05	106.63847830868892	0.1879545454545454	0.34516475064923496	0.04067974861568589	156539
1.05	106.63847830868892	0.1977272727272727	0.3451647509779432	0.040679748813161276	158922
1.05	106.63847830868892	0.2075	0.34516475085793863	0.040679748741067084	161223
1.05	120.78546424382836	0.1	0.3856938188570462	0.058630902717154834	132137
1.05	120.78546424382836	0.1097727272727272	0.3856938179986567	0.05863090326038722	135860
1.05	120.78546424382836	0.1195454545454545	0.38569381719807355	0.05863090376703684	139357
1.05	136.80923250203958	0.1	0.38547840932497246	0.05876722479319231	134569
1.05	136.80923250203958	0.1097727272727272	0.38547840624787777	0.05876722674053386	138361
1.05	136.80923250203958	0.1195454545454545	0.3854784033779087	0.05876722855679584	141922
1.05	154.95876275322146	0.1	0.37186946923893704	0.04223222677226245	137001
1.05	154.95876275322146	0.1097727272727272	0.37186946905152113	0.04223222634529305	140861
1.05	154.95876275322146	0.1195454545454545	0.3718694684892749	0.04223222506438829	144487
1.05	175.51606507003262	0.1	0.3713886971340823	0.041136935687301604	139433
1.05	175.51606507003262	0.1097727272727272	0.37138869709196426	0.0411369355913486	143362
1.05	175.51606507003262	0.1195454545454545	0.3713886969656101	0.041136935303489636	147052
1.05	198.8005618419116	0.1	0.4755759619049861	0.04276674509386732	141865
1.05	198.8005618419116	0.1097727272727272	0.47557594461835834	0.04276674857526242	145862
1.05	198.8005618419116	0.1195454545454545	0.47557592802091636	0.04276675191786075	149617
1.1	72.9521338426647	0.1766666666666667	0.34568055100488887	0.040989621827407605	128770
1.1	72.9521338426647	0.18625	0.34568055217193977	0.040989622528527336	130799
1.1	72.9521338426647	0.1958333333333333	0.3456805527357962	0.0409896228672708	132756
1.1	72.9521338426647	0.2054166666666667	0.34568055269645737	0.04098962284363753	134647
1.1	72.9521338426647	0.215	0.34568055205392334	0.04098962245762756	136476
1.1	72.9521338426647	0.2245833333333333	0.345680550808195	0.04098962170924142	138250
1.1	82.59958673582284	0.1766666666666667	0.34657061621980734	0.04152433911436821	131270
1.1	82.59958673582284	0.18625	0.346570619944598	0.04152434135208061	133339
1.1	82.59958673582284	0.1958333333333333	0.3465706217442282	0.04152434243322991	135334
1.1	82.59958673582284	0.2054166666666667	0.34657062161867236	0.04152434235780073	137261
1.1	82.59958673582284	0.215	0.3465706195679322	0.04152434112579415	139127
1.1	82.59958673582284	0.2245833333333333	0.34657061559203695	0.041524338737227696	140934
1.1	93.52285354179176	0.1766666666666667	0.3463748210743596	0.04140671284696772	133771
1.1	93.52285354179176	0.18625	0.34637482358752475	0.04140671435678165	135879
1.1	93.52285354179176	0.1958333333333333	0.34637482480175436	0.04140671508624457	137912
1.1	93.52285354179176	0.2054166666666667	0.3463748247170406	0.04140671503535177	139876
1.1	93.52285354179176	0.215	0.346374823333384	0.04140671420410355	141777
1.1	93.52285354179176	0.2245833333333333	0.34637482065079345	0.04140671259250532	143619
1.1	105.89065248683777	0.1766666666666667	0.3452337307249452	0.04072118921837418	136271
1.1	105.89065248683777	0.18625	0.34523373159282245	0.04072118973976177	138419
1.1	105.89065248683777	0.1958333333333333	0.34523373201213403	0.040721189991668225	140490
1.1	105.89065248683777	0.2054166666666667	0.34523373198287977	0.04072118997409335	142491
1.1	105.89065248683777	0.215	0.34523373150505954	0.04072118968703717	144427
1.1	105.89065248683777	0.2245833333333333	0.3452337305786738	0.040721189130499894	146303
1.1	119.89401370305342	0.1	0.38570579890129175	0.058623321137607945	117258
1.1	119.89401370305342	0.1095833333333333	0.38570579809146305	0.05862332165010862	120478
1.1	119.89401370305342	0.1191666666666666	0.3857057973350788	0.058623322128786924	123505
1.1	135.7492298351331	0.1	0.38549262914963334	0.05875822576701178	119371
1.1	135.7492298351331	0.1095833333333333	0.385492626570308	0.05875822739933971	122649
1.1	135.7492298351331	0.1191666666666666	0.385492624161149	0.05875822892397766	125731
1.1	153.70119684601497	0.1	0.3718988601074138	0.04229918480892223	121484
1.1	153.70119684601497	0.1095833333333333	0.3718988598790261	0.04229918428861131	124820
1.1	153.70119684601497	0.1191666666666666	0.37189885919386595	0.04229918272768503	127956
1.1	174.02719662268962	0.1	0.3714235138956947	0.04121625494941404	123597
1.1	174.02719662268962	0.1095833333333333	0.3714235138527842	0.04121625485165558	126991
1.1	174.02719662268962	0.1191666666666666	0.3714235137240526	0.041216254558380225	130182
1.1	197.0411798074268	0.1	0.4759971734783913	0.042681916292717816	125710
1.1	197.0411798074268	0.1095833333333333	0.47599715737238657	0.04268191953634444	129162
1.1	197.0411798074268	0.1191666666666666	0.4759971418958142	0.04268192265320818	132407
1.15	72.5569117903113	0.1784	0.3456440463398187	0.04096769121475074	115186
1.15	72.5569117903113	0.1882	0.3456440473852727	0.04096769184281971	117011
1.15	72.5569117903113	0.1980000000000001	0.345644047817227	0.04096769210232141	118771
1.15	72.5569117903113	0.2078	0.345644047635681	0.040967691993255465	120470
1.15	72.5569117903113	0.2176	0.3456440468406349	0.04096769151562204	122113
1.15	72.5569117903113	0.2274000000000001	0.33575031709186276	0.08200551222507885	123705
1.15	72.5569117903113	0.2372000000000001	0.3357503185143631	0.0820055115864849	125249
1.15	82.12421174908303	0.1784	0.3465266480969381	0.041497924740478184	117373
1.15	82.12421174908303	0.1882	0.34652665119247317	0.04149792660015775	119233
1.15	82.12421174908303	0.1980000000000001	0.3465266524714729	0.041497927368532084	121026
1.15	82.12421174908303	0.2078	0.34652665193392185	0.04149792704559188	122757
1.15	82.12421174908303	0.2176	0.3465266495798265	0.041497925631341054	124432
1.15	82.12421174908303	0.2274000000000001	0.3368833834114787	0.08149685204333385	126054
1.15	82.12421174908303	0.2372000000000001	0.33688338762342557	0.0814968501524916	127627
1.15	92.95304870333275	0.1784	0.34642729185289123	0.04143823529259404	119561
1.15	92.95304870333275	0.1882	0.3464272943886599	0.041438236815987295	121455
1.15	92.95304870333275	0.1980000000000001	0.34642729543637607	0.0414382374454153	123282
1.15	92.95304870333275	0.2078	0.34642729499603137	0.041438237180872944	125045
1.15	92.95304870333275	0.2176	0.3464272930676292	0.041438236022362386	126751
1.15	92.95304870333275	0.2274000000000001	0.33675583192800457	0.08155411291116	128403
1.15	92.95304870333275	0.2372000000000001	0.33675583537830484	0.08155411136223888	130006
1.15	105.20976797491912	0.1784	0.34529652143396256	0.04075891148524782	121748
1.15	105.20976797491912	0.1882	0.34529652226318186	0.040758911983411195	123677
1.15	105.20976797491912	0.1980000000000001	0.3452965226057935	0.04075891218923925	125537
1.15	105.20976797491912	0.2078	0.3452965224617973	0.040758912102731804	127333
1.15	105.20976797491912	0.2176	0.3452965218311933	0.04075891172388893	129070
1.15	105.20976797491912	0.2274000000000001	0.33530417153040204	0.08220579748503987	130752
1.15	105.20976797491912	0.2372000000000001	0.33530417265868195	0.08220579697852842	132384
1.15	119.082649055054	0.1	0.3857167040112585	0.058616419830986186	104541
1.15	119.082649055054	0.1098	0.38571670321179574	0.058616420336926794	107454
1.15	119.082649055054	0.1196	0.38571670246632656	0.05861642080869749	110189
1.15	134.78479782741906	0.1	0.38550557701983695	0.05875003169811695	106386
1.15	134.78479782741906	0.1098	0.3855055746929812	0.05875003317066927	109351
1.15	134.78479782741906	0.1196	0.3855055725232363	0.058750034543793885	112134
1.15	152.55742015765318	0.1	0.37192556068373367	0.04236001384394976	108231
1.15	152.55742015765318	0.1098	0.3719255603683225	0.04236001312538269	111247
1.15	152.55742015765318	0.1196	0.3719255594220963	0.04236001096969782	114079
1.15	172.67352713589318	0.1	0.3714551658725942	0.04128836422482597	110076
1.15	172.67352713589318	0.1098	0.37145516582515614	0.04128836411675294	113144
1.15	172.67352713589318	0.1196	0.3714551656828419	0.041288363792533915	116023
1.15	195.4421288898172	0.1	0.47638003018864195	0.04260481186873429	111921
1.15	195.4421288898172	0.1098	0.47638001444487343	0.04260481503940931	115040
1.15	195.4421288898172	0.1196	0.47637999933057207	0.04260481808331443	117968
1.2000000000000002	118.34336712420816	0.2251851851851852	0.3857266355858189	0.05861013462694088	119229
1.2000000000000002	118.34336712420816	0.2348148148148149	0.3857266354807833	0.05861013469341273	120696
1.2000000000000002	118.34336712420816	0.2444444444444445	0.38572663542632035	0.058610134727879626	122121
1.2000000000000002	118.34336712420816	0.2540740740740741	0.3857266354224302	0.058610134730341545	123506
1.2000000000000002	133.90633321208531	0.2251851851851852	0.38551736100321493	0.058742574195829955	121291
1.2000000000000002	133.90633321208531	0.2348148148148149	0.38551736071843623	0.05874257437605238	122783
1.2000000000000002	133.90633321208531	0.2444444444444445	0.3855173605707729	0.058742574469501214	124233
1.2000000000000002	133.90633321208531	0.2540740740740741	0.3855173605602255	0.05874257447617614	125642
1.2000000000000002	151.51593629651003	0.2251851851851852	0.3719497337264206	0.042415084672485864	123353
1.2000000000000002	151.51593629651003	0.2348148148148149	0.3719497221416921	0.04241505828025192	124871
1.2000000000000002	151.51593629651003	0.2444444444444445	0.37194970970136393	0.04241502993879785	126345
1.2000000000000002	151.51593629651003	0.2540740740740741	0.37194969640597614	0.04241499964935384	127778
1.2000000000000002	171.4413232079764	0.2251851851851852	0.3714839656682448	0.04135397568419788	125415
1.2000000000000002	171.4413232079764	0.2348148148148149	0.3714839643637075	0.04135397271221161	126958
1.2000000000000002	171.4413232079764	0.2444444444444445	0.3714839629625414	0.041353969520086444	128457
1.2000000000000002	171.4413232079764	0.2540740740740741	0.37148396146474727	0.04135396610782413	129915
1.2500000000000002	117.6692725248898	0.2276785714285714	0.3857356982245385	0.05860439932956223	107751
1.2500000000000002	117.6692725248898	0.2375	0.3857356981337613	0.058604399387010675	109079
1.2500000000000002	117.6692725248898	0.2473214285714285	0.38573569809419167	0.05860439941205231	110368
1.2500000000000002	117.6692725248898	0.2571428571428571	0.3857356981058298	0.058604399404687126	111622
1.2500000000000002	117.6692725248898	0.2669642857142856	0.3857356981686756	0.05860439936491512	112842
1.2500000000000002	133.10556766006692	0.2276785714285714	0.3855281233090761	0.05873576326288831	109578
1.2500000000000002	133.10556766006692	0.2375	0.3855281230766802	0.058735763409960236	110928
1.2500000000000002	133.10556766006692	0.2473214285714285	0.3855281229753793	0.058735763474068586	112240
1.2500000000000002	133.10556766006692	0.2571428571428571	0.3855281230051737	0.05873576345521318	113514
1.2500000000000002	133.10556766006692	0.2669642857142856	0.3855281231660633	0.05873576335339408	114755
1.2500000000000002	150.56685370737782	0.2276785714285714	0.3719716047493266	0.04246491105834729	111405
1.2500000000000002	150.56685370737782	0.2375	0.37197158562178423	0.04246486748213636	112778
1.2500000000000002	150.56685370737782	0.2473214285714285	0.37197156508832185	0.042464820702969974	114111
1.2500000000000002	150.56685370737782	0.2571428571428571	0.37197154315126196	0.04246477072613931	115407
1.2500000000000002	150.56685370737782	0.2669642857142856	0.3719715198130803	0.04246471755728433	116668
1.2500000000000002	170.31877654611628	0.2276785714285714	0.371510204577782	0.04141375295372948	113232
1.2500000000000002	170.31877654611628	0.2375	0.37151020314935146	0.04141374969949072	114627
1.2500000000000002	170.31877654611628	0.2473214285714285	0.37151020161511583	0.04141374620420763	115982
1.2500000000000002	170.31877654611628	0.2571428571428571	0.37151019997507606	0.041413742467882424	117299
1.2500000000000002	170.31877654611628	0.2669642857142856	0.3715101982292332	0.04141373849051748	118582
1.2500000000000002	192.661830475272	0.2276785714285714	0.47704562200786665	0.04247076674831348	115059
1.2500000000000002	192.661830475272	0.2375	0.47704561498305453	0.042470768163057115	116477
1.2500000000000002	192.661830475272	0.2473214285714285	0.47704560854586464	0.0424707694594581	117854
1.2500000000000002	192.661830475272	0.2571428571428571	0.47704560269629825	0.0424707706375162	119192
1.2500000000000002	192.661830475272	0.2669642857142856	0.4770455974343564	0.04247077169723119	120495
1.3	117.05438758190677	0.2256666666666668	0.3857439661111122	0.05859916699164607	97708
1.3	117.05438758190677	0.2353333333333334	0.38574396601341515	0.058599167053473754	98895
1.3	117.05438758190677	0.2450000000000001	0.38574396596414906	0.05859916708465182	100049
1.3	117.05438758190677	0.2546666666666668	0.38574396596331406	0.05859916708518026	101170
1.3	117.05438758190677	0.2643333333333335	0.3857439660109101	0.058599167055059076	102261
1.3	117.05438758190677	0.2740000000000001	0.3857439661069372	0.05859916699428828	103324
1.3	117.05438758190677	0.2836666666666668	0.373098033536279	0.1056447648738327	104361
1.3	132.37533798555577	0.2256666666666668	0.385537941248054	0.05872954997320241	99333
1.3	132.37533798555577	0.2353333333333334	0.3855379410094763	0.05872955012418648	100540
1.3	132.37533798555577	0.2450000000000001	0.38553794088916776	0.05872955020032384	101712
1.3	132.37533798555577	0.2546666666666668	0.3855379408871286	0.05872955020161431	102852
1.3	132.37533798555577	0.2643333333333335	0.3855379410033589	0.05872955012805787	103962
1.3	132.37533798555577	0.2740000000000001	0.3855379412378584	0.05872954997965472	105043
1.3	132.37533798555577	0.2836666666666668	0.3733896107959207	0.1039239602021737	106097
1.3	149.70160853243186	0.2256666666666668	0.3719907463243358	0.04250851923828956	100957
1.3	149.70160853243186	0.2353333333333334	0.3719907082143331	0.04250843241639238	102184
1.3	149.70160853243186	0.2450000000000001	0.37199066737042447	0.042508339366133165	103376
1.3	149.70160853243186	0.2546666666666668	0.3719906238110074	0.04250824012942467	104535
1.3	149.70160853243186	0.2643333333333335	0.3719905775555209	0.042508134750552914	105662
1.3	149.70160853243186	0.2740000000000001	0.37199052862440474	0.04250802327608349	106761
1.3	149.70160853243186	0.2836666666666668	0.3719904770390567	0.04250790575476473	107832
1.3	169.29567046425822	0.2256666666666668	0.37153411434554906	0.0414682239914921	102582
1.3	169.29567046425822	0.2353333333333334	0.371534112892086	0.04146822068022442	103829
1.3	169.29567046425822	0.2450000000000001	0.371534111330964	0.04146821712368894	105040
1.3	169.29567046425822	0.2546666666666668	0.37153410966218403	0.041468213321888096	106217
1.3	169.29567046425822	0.2643333333333335	0.3715341078857473	0.041468209274824454	107363
1.3	169.29567046425822	0.2740000000000001	0.37153410600165504	0.04146820498250078	108479
1.3	169.29567046425822	0.2836666666666668	0.37153410400990844	0.041468200444919986	109568
1.3	191.45434921451425	0.2256666666666668	0.47733477629412574	0.04241253327848667	104207
1.3	191.45434921451425	0.2353333333333334	0.477334769466321	0.04241253465355452	105474
1.3	191.45434921451425	0.2450000000000001	0.47733476319083096	0.0424125359173904	106703
1.3	191.45434921451425	0.2546666666666668	0.47733475746765663	0.04241253706999409	107899
1.3	191.45434921451425	0.2643333333333335	0.4773347522967991	0.04241253811136539	109063
1.3	191.45434921451425	0.2740000000000001	0.47733474767825923	0.04241253904150413	110197
1.3	191.45434921451425	0.2836666666666668	0.4773347436120377	0.04241253986041015	111303
1.35	116.49405208816545	0.2334375	0.3857515016487588	0.05859439812127087	90184
1.35	116.49405208816545	0.24296875	0.38575150159171523	0.05859439815737096	91222
1.35	116.49405208816545	0.2524999999999999	0.3857515015807598	0.0585943981643041	92232
1.35	116.49405208816545	0.26203125	0.38575150161589267	0.058594398142070264	93214
1.35	116.49405208816545	0.2715625	0.3857515016971137	0.05859439809066947	94172
1.35	116.49405208816545	0.2810937499999999	0.37308736870282844	0.10570770563693176	95106
1.35	116.49405208816545	0.290625	0.3730873687995988	0.10570770506582096	96017
1.35	116.49405208816545	0.30015625	0.37308736883114274	0.10570770487965775	96907
1.35	131.710057535919	0.2334375	0.3855468887369332	0.05872388754848244	91656
1.35	131.710057535919	0.24296875	0.3855468886030103	0.05872388763323567	92711
1.35	131.710057535919	0.2524999999999999	0.38554688857728997	0.058723887649512786	93737
1.35	131.710057535919	0.26203125	0.3855468886597723	0.05872388759731376	94735
1.35	131.710057535919	0.2715625	0.3855468888504572	0.0587238874766387	95708
1.35	131.710057535919	0.2810937499999999	0.37337694748346806	0.10399869541044761	96657
1.35	131.710057535919	0.290625	0.3733769477106586	0.10399869406963472	97584
1.35	131.710057535919	0.30015625	0.3733769477847152	0.10399869363257384	98488
1.35	148.91351914676355	0.2334375	0.3719998417413831	0.04252924034316509	93127
1.35	148.91351914676355	0.24296875	0.3719997619589713	0.042529058583525584	94199
1.35	148.91351914676355	0.2524999999999999	0.3719996774431486	0.04252886604026822	95242
1.35	148.91351914676355	0.26203125	0.3719995883237428	0.04252866300916541	96256
1.35	148.91351914676355	0.2715625	0.371999494732564	0.04252844979050574	97245
1.35	148.91351914676355	0.2810937499999999	0.37199939680267713	0.04252822668743686	98209
1.35	148.91351914676355	0.290625	0.3719992946677262	0.042527994004425265	99150
1.35	148.91351914676355	0.30015625	0.3719991884613126	0.042527752045840764	100069
1.35	168.3640308077919	0.2334375	0.3715558789349242	0.041517807901352344	94599
1.35	168.3640308077919	0.24296875	0.3715558773443039	0.041517804277614055	95688
1.35	168.3640308077919	0.2524999999999999	0.37155587564399173	0.041517800403976846	96746
1.35	168.3640308077919	0.26203125	0.3715558738339891	0.041517796280443546	97777
1.35	168.3640308077919	0.2715625	0.3715558719142972	0.04151779190701713	98781
1.35	168.3640308077919	0.2810937499999999	0.37155586988491746	0.0415177872837008	99761
1.35	168.3640308077919	0.290625	0.37155586774585136	0.041517782410497896	100717
1.35	168.3640308077919	0.30015625	0.37155586549710046	0.04151777728741197	101651
1.35	190.3550935621224	0.2334375	0.3710416165601992	0.04034621955693841	96070
1.35	190.3550935621224	0.24296875	0.3710416158153003	0.0403462178599159	97176
1.35	190.3550935621224	0.2524999999999999	0.37104161501902977	0.04034621604585881	98251
1.35	190.3550935621224	0.26203125	0.3710416141713876	0.040346214114767416	99298
1.35	190.3550935621224	0.2715625	0.37104161327237406	0.040346212066642025	100318
1.35	190.3550935621224	0.2810937499999999	0.3710416123219892	0.04034620990148297	101313
1.35	190.3550935621224	0.290625	0.37104161132023317	0.0403462076192906	102283
1.35	190.3550935621224	0.30015625	0.37104161026710614	0.04034620522006527	103232
1.4	115.98311311086364	0.2260606060606059	0.3857583743149436	0.05859004874957315	81715
1.4	115.98311311086364	0.2357575757575756	0.3857583742228014	0.058590048807885424	82696
1.4	115.98311311086364	0.2454545454545453	0.38575837417746156	0.05859004883657876	83648
1.4	115.98311311086364	0.255151515151515	0.3857583741789241	0.05859004883565317	84573
1.4	115.98311311086364	0.2648484848484847	0.3857583742271891	0.058590048805108645	85474
1.4	115.98311311086364	0.2745454545454544	0.38575837432225646	0.058590048744945195	86351
1.4	115.98311311086364	0.284242424242424	0.3730776422929009	0.10576510809575969	87207
1.4	115.98311311086364	0.2939393939393938	0.37307764236741775	0.10576510765598285	88042
1.4	115.98311311086364	0.3036363636363634	0.3730776423756974	0.10576510760711876	88857
1.4	115.98311311086364	0.3133333333333331	0.3730776423177399	0.10576510794916742	89654
1.4	131.10356448088388	0.2260606060606059	0.38555504874123453	0.05871872348393932	83024
1.4	131.10356448088388	0.2357575757575756	0.38555504853198513	0.05871872361636296	84020
1.4	131.10356448088388	0.2454545454545453	0.38555504842902105	0.058718723681523866	84987
1.4	131.10356448088388	0.255151515151515	0.38555504843234245	0.0587187236794219	85928
1.4	131.10356448088388	0.2648484848484847	0.3855550485419494	0.05871872361005707	86843
1.4	131.10356448088388	0.2745454545454544	0.38555504875784163	0.05871872347342952	87734
1.4	131.10356448088388	0.284242424242424	0.3733653993513809	0.10406684914667828	88603
1.4	131.10356448088388	0.2939393939393938	0.37336539952060427	0.1040668481479709	89452
1.4	131.10356448088388	0.3036363636363634	0.37336539953940684	0.10406684803700336	90280
1.4	131.10356448088388	0.3133333333333331	0.3733653994077887	0.10406684881377591	91090
1.4	148.19523427659504	0.2260606060606059	0.37198760880728077	0.04250137137254481	84332
1.4	148.19523427659504	0.2357575757575756	0.37198757611795474	0.042501296899989084	85344
1.4	148.19523427659504	0.2454545454545453	0.3719875410631004	0.042501217038306095	86327
1.4	148.19523427659504	0.255151515151515	0.3719875036543814	0.04250113181406775	87282
1.4	148.19523427659504	0.2648484848484847	0.37198746390416004	0.042501041255437896	88212
1.4	148.19523427659504	0.2745454545454544	0.3719874218254778	0.042500945392127544	89117
1.4	148.19523427659504	0.284242424242424	0.37198737743203486	0.04250084425534821	90000
1.4	148.19523427659504	0.2939393939393938	0.37198733073816875	0.04250073787776353	90862
1.4	148.19523427659504	0.3036363636363634	0.37198728175883244	0.04250062629343933	91703
1.4	148.19523427659504	0.3133333333333331	0.3719872305095719	0.04250050953779232	92525
1.4	167.51510570482716	0.2260606060606059	0.37157570648713056	0.04156297886894573	85641
1.4	167.51510570482716	0.2357575757575756	0.37157570488409175	0.04156297521691583	86669
1.4	167.51510570482716	0.2454545454545453	0.371575703162316	0.041562971294380247	87667
1.4	167.51510570482716	0.255151515151515	0.37157570132180456	0.04156296710134222	88637
1.4	167.51510570482716	0.2648484848484847	0.3715756993625591	0.041562962637805186	89581
1.4	167.51510570482716	0.2745454545454544	0.3715756972845812	0.04156295790377282	90500
1.4	167.51510570482716	0.284242424242424	0.37157569508787247	0.04156295289924901	91397
1.4	167.51510570482716	0.2939393939393938	0.37157569277243485	0.04156294762423788	92272
1.4	167.51510570482716	0.3036363636363634	0.37157569033827015	0.04156294207874376	93126
1.4	167.51510570482716	0.3133333333333331	0.3715756877853804	0.04156293626277121	93961
1.4	189.3536642813032	0.2260606060606059	0.3710650258019279	0.04039955030036603	86950
1.4	189.3536642813032	0.2357575757575756	0.37106502506627015	0.04039954862439653	87993
1.4	189.3536642813032	0.2454545454545453	0.37106502427611987	0.04039954682428259	89006
1.4	189.3536642813032	0.255151515151515	0.3710650234314772	0.04039954490002453	89991
1.4	189.3536642813032	0.2648484848484847	0.37106502253234225	0.04039954285162268	90950
1.4	189.3536642813032	0.2745454545454544	0.37106502157871524	0.040399540679077396	91883
1.4	189.3536642813032	0.284242424242424	0.37106502057059626	0.04039953838238906	92793
1.4	189.3536642813032	0.2939393939393938	0.3710650195079856	0.040399535961558056	93682
1.4	189.3536642813032	0.3036363636363634	0.37106501839088335	0.04039953341658482	94549
1.4	189.3536642813032	0.3133333333333331	0.3710650172192897	0.04039953074746977	95397
1.4500000000000002	115.51755154456384	0.2339999999999999	0.38576463778687037	0.058586084906896194	76161
1.4500000000000002	115.51755154456384	0.2435714285714286	0.3857646377343508	0.05858608494013322	77027
1.4500000000000002	115.51755154456384	0.2531428571428572	0.38576463772665687	0.05858608494500233	77869
1.4500000000000002	115.51755154456384	0.2627142857142857	0.38576463776378855	0.058586084921503544	78688
1.4500000000000002	115.51755154456384	0.2722857142857143	0.3857646378457458	0.05858608486963686	79486
1.4500000000000002	115.51755154456384	0.2818571428571429	0.3730687777623647	0.10581742399164797	80265
1.4500000000000002	115.51755154456384	0.2914285714285715	0.3730687778508959	0.1058174234691622	81024
1.4500000000000002	115.51755154456384	0.301	0.3730687778759877	0.10581742332107799	81766
1.4500000000000002	115.51755154456384	0.3105714285714286	0.3730687778376399	0.10581742354739537	82491
1.4500000000000002	115.51755154456384	0.3201428571428572	0.3730687777358527	0.10581742414811428	83200
1.4500000000000002	130.5510514590151	0.2339999999999999	0.385562484852014	0.05871401753592791	77359
1.4500000000000002	130.5510514590151	0.2435714285714286	0.38556248473607796	0.058714017609298105	78239
1.4500000000000002	130.5510514590151	0.2531428571428572	0.3855624847190937	0.058714017620046605	79094
1.4500000000000002	130.5510514590151	0.2627142857142857	0.38556248480106126	0.058714017568173404	79926
1.4500000000000002	130.5510514590151	0.2722857142857143	0.38556248498198037	0.05871401745367859	80736
1.4500000000000002	130.5510514590151	0.2818571428571429	0.37335487506545384	0.10412896043893544	81527
1.4500000000000002	130.5510514590151	0.2914285714285715	0.37335487526088507	0.10412895928555671	82298
1.4500000000000002	130.5510514590151	0.301	0.3733548753162747	0.1041289589586631	83052
1.4500000000000002	130.5510514590151	0.3105714285714286	0.37335487523162264	0.10412895945825519	83788
1.4500000000000002	130.5510514590151	0.3201428571428572	0.373354875006929	0.10412896078433208	84508
1.4500000000000002	147.54101700709464	0.2339999999999999	0.37197298759015257	0.04246806143502952	78557
1.4500000000000002	147.54101700709464	0.2435714285714286	0.37197296732612467	0.04246801526968655	79450
1.4500000000000002	147.54101700709464	0.2531428571428572	0.3719729456772309	0.04246796594935353	80318
1.4500000000000002	147.54101700709464	0.2627142857142857	0.371972922645976	0.04246791347973661	81163
1.4500000000000002	147.54101700709464	0.2722857142857143	0.37197289823501795	0.042467857866891175	81986
1.4500000000000002	147.54101700709464	0.2818571428571429	0.3719728724471665	0.04246779911721847	82789
1.4500000000000002	147.54101700709464	0.2914285714285715	0.3719728452853816	0.04246773723746191	83572
1.4500000000000002	147.54101700709464	0.301	0.3719728167527719	0.042467672234703296	84337
1.4500000000000002	147.54101700709464	0.3105714285714286	0.37197278685259255	0.04246760411635887	85085
1.4500000000000002	147.54101700709464	0.3201428571428572	0.371972755588244	0.042467532890175165	85817
1.4500000000000002	166.74206340131775	0.2339999999999999	0.3715937515121533	0.041604088897659396	79755
1.4500000000000002	166.74206340131775	0.2435714285714286	0.37159374976173826	0.04160408490987816	80661
1.4500000000000002	166.74206340131775	0.2531428571428572	0.3715937478906131	0.04160408064709612	81543
1.4500000000000002	166.74206340131775	0.2627142857142857	0.37159374589877947	0.041604076109317004	82401
1.4500000000000002	166.74206340131775	0.2722857142857143	0.3715937437862391	0.04160407129654477	83236
1.4500000000000002	166.74206340131775	0.2818571428571429	0.37159374155299385	0.041604066208783604	84051
1.4500000000000002	166.74206340131775	0.2914285714285715	0.3715937391990456	0.04160406084603796	84847
1.4500000000000002	166.74206340131775	0.301	0.3715937367243965	0.04160405520831251	85623
1.4500000000000002	166.74206340131775	0.3105714285714286	0.3715937341290486	0.041604049295612164	86383
1.4500000000000002	166.74206340131775	0.3201428571428572	0.3715937314130043	0.04160404310794209	87125
1.4500000000000002	188.4419415788092	0.2339999999999999	0.3710863339722706	0.04044809440011207	80952
1.4500000000000002	188.4419415788092	0.2435714285714286	0.3710863331846649	0.040448092605795155	81873
1.4500000000000002	188.4419415788092	0.2531428571428572	0.37108633234274224	0.04044809068773393	82767
1.4500000000000002	188.4419415788092	0.2627142857142857	0.3710863314465029	0.04044808864592875	83638
1.4500000000000002	188.4419415788092	0.2722857142857143	0.37108633049594697	0.040448086480379966	84486
1.4500000000000002	188.4419415788092	0.2818571428571429	0.3710863294910746	0.04044808419108797	85314
1.4500000000000002	188.4419415788092	0.2914285714285715	0.371086328431886	0.04044808177805315	86121
1.4500000000000002	188.4419415788092	0.301	0.37108632731838137	0.04044807924127595	86909
1.4500000000000002	188.4419415788092	0.3105714285714286	0.37108632615056086	0.0404480765807568	87680
1.4500000000000002	188.4419415788092	0.3201428571428572	0.3710863249284247	0.04044807379649619	88434
1.5000000000000002	115.09381198485028	0.2324324324324325	0.38577034007512745	0.05858247620970491	70479
1.5000000000000002	115.09381198485028	0.241891891891892	0.3857703400166106	0.05858247624673733	71271
1.5000000000000002	115.09381198485028	0.2513513513513515	0.3857703400012114	0.05858247625648271	72041
1.5000000000000002	115.09381198485028	0.260810810810811	0.38577034002892996	0.058582476238941035	72790
1.5000000000000002	115.09381198485028	0.2702702702702704	0.38577034009976613	0.05858247619411231	73519
1.5000000000000002	115.09381198485028	0.2797297297297299	0.3730607075782959	0.10586505188438468	74231
1.5000000000000002	115.09381198485028	0.2891891891891893	0.37306070767854693	0.10586505129273208	74925
1.5000000000000002	115.09381198485028	0.2986486486486488	0.3730607077177756	0.10586505106121581	75604
1.5000000000000002	115.09381198485028	0.3081081081081083	0.37306070769598193	0.10586505118983597	76267
1.5000000000000002	115.09381198485028	0.3175675675675677	0.37306070761316584	0.10586505167859248	76915
1.5000000000000002	130.04826817088951	0.2324324324324325	0.38556925455301017	0.058709733325823264	71568
1.5000000000000002	130.04826817088951	0.241891891891892	0.38556925442693984	0.05870973340560693	72372
1.5000000000000002	130.04826817088951	0.2513513513513515	0.38556925439376344	0.05870973342660264	73153
1.5000000000000002	130.04826817088951	0.260810810810811	0.385569254453481	0.058709733388810366	73914
1.5000000000000002	130.04826817088951	0.2702702702702704	0.38556925460609237	0.05870973329223016	74655
1.5000000000000002	130.04826817088951	0.2797297297297299	0.37334529421376617	0.1041855038551226	75378
1.5000000000000002	130.04826817088951	0.2891891891891893	0.3733452944297497	0.10418550258045024	76083
1.5000000000000002	130.04826817088951	0.2986486486486488	0.373345294514265	0.10418550208166512	76772
1.5000000000000002	130.04826817088951	0.3081081081081083	0.37334529446731207	0.10418550235876799	77445
1.5000000000000002	130.04826817088951	0.3175675675675677	0.37334529428889085	0.10418550341175842	78103
1.5000000000000002	146.94579806318126	0.2324324324324325	0.37195929098144315	0.04243685793286682	72657
1.5000000000000002	146.94579806318126	0.241891891891892	0.3719592766588166	0.04243682530317596	73473
1.5000000000000002	146.94579806318126	0.2513513513513515	0.37195926135299895	0.04243679043358704	74266
1.5000000000000002	146.94579806318126	0.260810810810811	0.3719592450649005	0.04243675332617419	75038
1.5000000000000002	146.94579806318126	0.2702702702702704	0.371959227795489	0.042436713983141826	75791
1.5000000000000002	146.94579806318126	0.2797297297297299	0.3719592095457889	0.04243667240682403	76524
1.5000000000000002	146.94579806318126	0.2891891891891893	0.37195919031688135	0.042436628599683834	77240
1.5000000000000002	146.94579806318126	0.2986486486486488	0.3719591701099038	0.04243658256431252	77939
1.5000000000000002	146.94579806318126	0.3081081081081083	0.37195914892604964	0.04243653430342886	78623
1.5000000000000002	146.94579806318126	0.3175675675675677	0.37195912676656784	0.042436483819878294	79291
1.5000000000000002	166.03887058342812	0.2324324324324325	0.37161015886888504	0.04164146800384006	73745
1.5000000000000002	166.03887058342812	0.241891891891892	0.37161015708882184	0.041641463948514534	74574
1.5000000000000002	166.03887058342812	0.2513513513513515	0.3716101551860044	0.041641459613531405	75379
1.5000000000000002	166.03887058342812	0.260810810810811	0.37161015316043455	0.041641454998894684	76163
1.5000000000000002	166.03887058342812	0.2702702702702704	0.3716101510121141	0.041641450104608624	76926
1.5000000000000002	166.03887058342812	0.2797297297297299	0.3716101487410451	0.04164144493067776	77671
1.5000000000000002	166.03887058342812	0.2891891891891893	0.3716101463472296	0.041641439477106856	78398
1.5000000000000002	166.03887058342812	0.2986486486486488	0.37161014383066987	0.04164143374390095	79107
1.5000000000000002	166.03887058342812	0.3081081081081083	0.37161014119136815	0.041641427731065356	79801
1.5000000000000002	166.03887058342812	0.3175675675675677	0.37161013842932694	0.04164142143860561	80480
1.5000000000000002	187.61275863612488	0.2324324324324325	0.3711057105049379	0.04049223785867305	74834
1.5000000000000002	187.61275863612488	0.241891891891892	0.3711057097191465	0.04049223606848964	75675
1.5000000000000002	187.61275863612488	0.2513513513513515	0.37110570887916344	0.04049223415484703	76492
1.5000000000000002	187.61275863612488	0.260810810810811	0.37110570798498876	0.040492232117745566	77287
1.5000000000000002	187.61275863612488	0.2702702702702704	0.37110570703662266	0.040492229957185606	78062
1.5000000000000002	187.61275863612488	0.2797297297297299	0.37110570603406523	0.04049222767316754	78818
1.5000000000000002	187.61275863612488	0.2891891891891893	0.37110570497731676	0.040492225265691795	79555
1.5000000000000002	187.61275863612488	0.2986486486486488	0.3711057038663774	0.04049222273475878	80275
1.5000000000000002	187.61275863612488	0.3081081081081083	0.3711057027012473	0.04049222008036897	80979
1.5000000000000002	187.61275863612488	0.3175675675675677	0.3711057014819268	0.04049221730252284	81668
1.55	114.70873606665988	0.2344736842105262	0.334178441886933	0.08271116405990796	65396
1.55	114.70873606665988	0.2440789473684209	0.33417844232717137	0.08271116386227459	66130
1.55	114.70873606665988	0.2536842105263157	0.3341784423730858	0.08271116384166252	66844
1.55	114.70873606665988	0.2632894736842104	0.3341784420246763	0.08271116399807175	67538
1.55	114.70873606665988	0.2728947368421051	0.33417844128194296	0.08271116433150225	68214
1.55	114.70873606665988	0.2824999999999998	0.3341784401448861	0.08271116484195386	68873
1.55	114.70873606665988	0.2921052631578946	0.33417843861350616	0.08271116552942642	69516
1.55	114.70873606665988	0.3017105263157893	0.33417843668780367	0.08271116639391969	70144
1.55	114.70873606665988	0.311315789473684	0.3341784343677792	0.08271116743543334	70758
1.55	114.70873606665988	0.3209210526315787	0.33417843165343375	0.08271116865396701	71358
1.55	129.5914410372836	0.2344736842105262	0.3855754081688226	0.058705839005666643	66389
1.55	129.5914410372836	0.2440789473684209	0.3855754080655393	0.058705839071029525	67134
1.55	129.5914410372836	0.2536842105263157	0.3855754080547674	0.05870583907784652	67858
1.55	129.5914410372836	0.2632894736842104	0.3855754081365069	0.058705839026117604	68563
1.55	129.5914410372836	0.2728947368421051	0.3855754083107577	0.05870583891584286	69249
1.55	129.5914410372836	0.2824999999999998	0.37333658532591013	0.10423690119291923	69919
1.55	129.5914410372836	0.2921052631578946	0.37333658549898474	0.10423690017148299	70571
1.55	129.5914410372836	0.3017105263157893	0.3733365855411324	0.10423689992273934	71209
1.55	129.5914410372836	0.311315789473684	0.3733365854523532	0.10423690044668868	71832
1.55	129.5914410372836	0.3209210526315787	0.3733365852326472	0.1042369017433302	72442
1.55	146.40507921175603	0.2344736842105262	0.3719467168352179	0.042408211615573316	67382
1.55	146.40507921175603	0.2440789473684209	0.3719467050564967	0.04240818478138675	68138
1.55	146.40507921175603	0.2536842105263157	0.3719466924679188	0.042408156102191376	68873
1.55	146.40507921175603	0.2632894736842104	0.3719466790699763	0.04240812557910825	69588
1.55	146.40507921175603	0.2728947368421051	0.3719466648631926	0.04240809321332954	70285
1.55	146.40507921175603	0.2824999999999998	0.371946649848122	0.04240805900611823	70964
1.55	146.40507921175603	0.2921052631578946	0.3719466340253499	0.04240802295880791	71627
1.55	146.40507921175603	0.3017105263157893	0.37194661739549245	0.04240798507280255	72274
1.55	146.40507921175603	0.311315789473684	0.3719465999591968	0.04240794534957615	72906
1.55	146.40507921175603	0.3209210526315787	0.37194658171714057	0.04240790379067251	73525
1.55	165.4001764887686	0.2344736842105262	0.3716250511320773	0.04167539543628596	68374
1.55	165.4001764887686	0.2440789473684209	0.3716250492254981	0.04167539109273284	69142
1.55	165.4001764887686	0.2536842105263157	0.37162504718744116	0.041675386449648195	69888
1.55	165.4001764887686	0.2632894736842104	0.3716250450179086	0.04167538150703679	70613
1.55	165.4001764887686	0.2728947368421051	0.3716250427169026	0.04167537626490372	71320
1.55	165.4001764887686	0.2824999999999998	0.37162504028442556	0.04167537072325435	72009
1.55	165.4001764887686	0.2921052631578946	0.37162503772047994	0.0416753648820944	72682
1.55	165.4001764887686	0.3017105263157893	0.37162503502506844	0.04167535874142985	73339
1.55	165.4001764887686	0.311315789473684	0.37162503219819376	0.041675352301267024	73980
1.55	165.4001764887686	0.3209210526315787	0.3716250292398588	0.04167534556161254	74608
1.55	186.8597628566364	0.2344736842105262	0.37112330290747547	0.04053231672653563	69367
1.55	186.8597628566364	0.2440789473684209	0.37112330208117794	0.04053231484407133	70145
1.55	186.8597628566364	0.2536842105263157	0.3711233011978952	0.04053231283178384	70902
1.55	186.8597628566364	0.2632894736842104	0.37112330025762746	0.04053231068967355	71639
1.55	186.8597628566364	0.2728947368421051	0.3711232992603749	0.04053230841774089	72356
1.55	186.8597628566364	0.2824999999999998	0.3711232982061377	0.040532306015986286	73055
1.55	186.8597628566364	0.2921052631578946	0.37112329709491604	0.0405323034844102	73737
1.55	186.8597628566364	0.3017105263157893	0.3711232959267102	0.04053230082301313	74403
1.55	186.8597628566364	0.311315789473684	0.37112329470152033	0.04053229803179558	75054
1.55	186.8597628566364	0.3209210526315787	0.3711232934193467	0.0405322951107581	75691
1.6	114.35950717960834	0.2338845360459197	0.3342196754805298	0.08269265332770294	43674
1.6	114.35950717960834	0.2434477171920568	0.3342196759496724	0.08269265311709376	44160
1.6	114.35950717960834	0.2530108983381939	0.3342196760229666	0.08269265308419026	44632
1.6	114.35950717960834	0.262574079484331	0.3342196757004124	0.08269265322899245	45091
1.6	114.35950717960834	0.2721372606304681	0.33421967498200983	0.08269265355150031	45539
1.6	114.35950717960834	0.2817004417766053	0.3342196738677592	0.08269265405171368	45975
1.6	114.35950717960834	0.2912636229227424	0.3342196723576609	0.08269265472963239	46400
1.6	114.35950717960834	0.3008268040688795	0.3342196704517156	0.0826926555852562	46816
1.6	114.35950717960834	0.3103899852150166	0.33421966814992377	0.08269265661858478	47222
1.6	114.35950717960834	0.3199531663611537	0.33421966545228643	0.08269265782961778	47619
1.6	129.17720660530398	0.2338845360459197	0.38558099093480214	0.05870230594823395	44326
1.6	129.17720660530398	0.2434477171920568	0.3855809908293836	0.05870230601494813	44819
1.6	129.17720660530398	0.2530108983381939	0.385580990812914	0.058702306025370896	45298
1.6	129.17720660530398	0.262574079484331	0.3855809908853935	0.05870230597950224	45764
1.6	129.17720660530398	0.2721372606304681	0.3855809910468218	0.05870230587734221	46218
1.6	129.17720660530398	0.2817004417766053	0.37332868430003335	0.10428353076292177	46661
1.6	129.17720660530398	0.2912636229227424	0.3733286844779775	0.10428352971274706	47093
1.6	129.17720660530398	0.3008268040688795	0.3733286845300364	0.10428352940551014	47514
1.6	129.17720660530398	0.3103899852150166	0.37332868445621015	0.10428352984121148	47927
1.6	129.17720660530398	0.3199531663611537	0.3733286842564988	0.10428353101985043	48330
1.6	145.91485323683554	0.2338845360459197	0.38543447257926705	0.0587950301940547	44977
1.6	145.91485323683554	0.2434477171920568	0.3854344720818662	0.05879503050883518	45477
1.6	145.91485323683554	0.2530108983381939	0.38543447200415665	0.05879503055801373	45964
1.6	145.91485323683554	0.262574079484331	0.38543447234614087	0.05879503034158877	46437
1.6	145.91485323683554	0.2721372606304681	0.38543447310780793	0.058795029859567215	46897
1.6	145.91485323683554	0.2817004417766053	0.3735360444949171	0.10305975085460342	47347
1.6	145.91485323683554	0.2912636229227424	0.3735360453345162	0.10305974589953242	47785
1.6	145.91485323683554	0.3008268040688795	0.3735360455801498	0.10305974444987379	48213
1.6	145.91485323683554	0.3103899852150166	0.37353604523181017	0.10305974650567382	48631
1.6	145.91485323683554	0.3199531663611537	0.3735360442895083	0.10305975206686685	49040
1.6	164.821216951854	0.2338845360459197	0.3716385406138603	0.041706127063575744	45629
1.6	164.821216951854	0.2434477171920568	0.3716385386551027	0.041706122601150114	46136
1.6	164.821216951854	0.2530108983381939	0.3716385365612698	0.04170611783099709	46630
1.6	164.821216951854	0.262574079484331	0.37163853433236393	0.0417061127531219	47109
1.6	164.821216951854	0.2721372606304681	0.3716385319683875	0.0417061073675301	47577
1.6	164.821216951854	0.2817004417766053	0.3716385294693431	0.041706101674227586	48033
1.6	164.821216951854	0.2912636229227424	0.3716385268352335	0.041706095673220575	48477
1.6	164.821216951854	0.3008268040688795	0.37163852406606157	0.04170608936451564	48911
1.6	164.821216951854	0.3103899852150166	0.37163852116183027	0.04170608274811969	49336
1.6	164.821216951854	0.3199531663611537	0.3716385181225429	0.041706075824039957	49751
1.6	186.1773010414281	0.2338845360459197	0.37113924386652414	0.0405686332893216	46280
1.6	186.1773010414281	0.2434477171920568	0.37113924303243606	0.04056863138910898	46795
1.6	186.1773010414281	0.2530108983381939	0.37113924214082555	0.040568629357849224	47296
1.6	186.1773010414281	0.262574079484331	0.37113924119169284	0.04056862719554274	47782
1.6	186.1773010414281	0.2721372606304681	0.371139240185038	0.04056862490218996	48256
1.6	186.1773010414281	0.2817004417766053	0.37113923912086133	0.04056862247779133	48719
1.6	186.1773010414281	0.2912636229227424	0.371139237999163	0.04056861992234734	49170
1.6	186.1773010414281	0.3008268040688795	0.3711392368199432	0.040568617235858494	49610
1.6	186.1773010414281	0.3103899852150166	0.3711392355832023	0.04056861441832533	50040
1.6	186.1773010414281	0.3199531663611537	0.37113923428894036	0.0405686114697484	50461
1.65	114.03368917733864	0.2330777780421886	0.3342581224418078	0.0826753935804378	40679
1.65	114.03368917733864	0.2425833336166306	0.3342581229485117	0.08267539335296646	41127
1.65	114.03368917733864	0.2520888891910727	0.3342581230594291	0.08267539330317303	41563
1.65	114.03368917733864	0.2615944447655147	0.3342581227745599	0.08267539343105752	41986
1.65	114.03368917733864	0.2711000003399568	0.33425812209390426	0.08267539373661989	42399
1.65	114.03368917733864	0.2806055559143988	0.3342581210174624	0.08267539421986002	42801
1.65	114.03368917733864	0.2901111114888408	0.3342581195452347	0.08267539488077773	43194
1.65	114.03368917733864	0.2996166670632829	0.3342581176772218	0.08267539571937277	43577
1.65	114.03368917733864	0.3091222226377249	0.33425811541342426	0.08267539673564485	43951
1.65	114.03368917733864	0.318627778212167	0.33425811275384304	0.08267539792959357	44318
1.65	128.790797788822	0.2330777780421886	0.3855862012753827	0.058699008580480695	41276
1.65	128.790797788822	0.2425833336166306	0.3855862011659414	0.05869900864974067	41731
1.65	128.790797788822	0.2520888891910727	0.3855862011419847	0.05869900866490167	42172
1.65	128.790797788822	0.2615944447655147	0.38558620120351267	0.058699008625963674	42602
1.65	128.790797788822	0.2711000003399568	0.3855862013505251	0.05869900853292673	43021
1.65	128.790797788822	0.2806055559143988	0.37332131034703153	0.10432704970122904	43429
1.65	128.790797788822	0.2901111114888408	0.37332131053338374	0.10432704860143228	43827
1.65	128.790797788822	0.2996166670632829	0.37332131059875373	0.10432704821563736	44216
1.65	128.790797788822	0.3091222226377249	0.3733213105431415	0.1043270485438448	44596
1.65	128.790797788822	0.318627778212167	0.37332131036654703	0.10432704958605411	44968
1.65	145.45762497682605	0.2330777780421886	0.38542845068543535	0.05879884115386187	41873
1.65	145.45762497682605	0.2425833336166306	0.3854284500588201	0.05879884155041578	42334
1.65	145.45762497682605	0.2520888891910727	0.3854284499216526	0.058798841637222335	42782
1.65	145.45762497682605	0.2615944447655147	0.38542845027393885	0.058798841414277714	43218
1.65	145.45762497682605	0.2711000003399568	0.38542845111566343	0.05879884088159173	43643
1.65	145.45762497682605	0.2806055559143988	0.37354456689179827	0.10300945413261327	44057
1.65	145.45762497682605	0.2901111114888408	0.3735445679587681	0.10300944783566575	44461
1.65	145.45762497682605	0.2996166670632829	0.37354456833305333	0.10300944562674277	44856
1.65	145.45762497682605	0.3091222226377249	0.3735445680146374	0.10300944750594151	45241
1.65	145.45762497682605	0.318627778212167	0.37354456700353433	0.10300945347317932	45618
1.65	164.28130757130282	0.2330777780421886	0.3716511100572442	0.04173476266689436	42470
1.65	164.28130757130282	0.2425833336166306	0.37165110805402307	0.04173475810317234	42937
1.65	164.28130757130282	0.2520888891910727	0.3716511059126612	0.04173475322473914	43392
1.65	164.28130757130282	0.2615944447655147	0.371651103633161	0.041734748031600405	43834
1.65	164.28130757130282	0.2711000003399568	0.37165110121552514	0.04173474252376214	44265
1.65	164.28130757130282	0.2806055559143988	0.37165109865975643	0.04173473670123074	44685
1.65	164.28130757130282	0.2901111114888408	0.3716510959658578	0.04173473056401294	45095
1.65	164.28130757130282	0.2996166670632829	0.37165109313383243	0.04173472411211586	45495
1.65	164.28130757130282	0.3091222226377249	0.3716510901636836	0.04173471734554696	45886
1.65	164.28130757130282	0.318627778212167	0.37165108705541466	0.041734710264314086	46268
1.65	185.54096439864688	0.2330777780421886	0.3711541039437243	0.04060248739590313	43066
1.65	185.54096439864688	0.2425833336166306	0.37115410310533103	0.04060248548588239	43541
1.65	185.54096439864688	0.2520888891910727	0.37115410220911843	0.04060248344413816	44002
1.65	185.54096439864688	0.2615944447655147	0.3711541012550867	0.04060248127067085	44450
1.65	185.54096439864688	0.2711000003399568	0.371154100243236	0.040602478965480894	44887
1.65	185.54096439864688	0.2806055559143988	0.37115409917356657	0.040602476528568764	45313
1.65	185.54096439864688	0.2901111114888408	0.37115409804607863	0.04060247395993496	45728
1.65	185.54096439864688	0.2996166670632829	0.37115409686077244	0.04060247125958	46134
1.65	185.54096439864688	0.3091222226377249	0.37115409561764817	0.04060246842750442	46531
1.65	185.54096439864688	0.318627778212167	0.3711540943167061	0.04060246546370882	46918
1.7000000000000002	184.96657361498825	0.3267503200659271	0.37116750213732497	0.040633011051201005	44064
1.7000000000000002	184.96657361498825	0.3361982500686741	0.3711675007155669	0.04063300781216343	44407
1.7000000000000002	184.96657361498825	0.3456461800714211	0.3711674992357805	0.04063300444092605	44743
1.7000000000000002	184.96657361498825	0.355094110074168	0.371167497697966	0.040633000937489575	45072
1.7000000000000002	184.96657361498825	0.3645420400769149	0.3711674961021237	0.04063299730185471	45396
1.7000000000000002	184.96657361498825	0.373989970079662	0.371167494448254	0.04063299353402222	45713
1.7000000000000002	208.8761258462974	0.3267503200659271	0.4731579508813171	0.04325371408820398	44665
1.7000000000000002	208.8761258462974	0.3361982500686741	0.4731579490672152	0.04325371445355028	45013
1.7000000000000002	208.8761258462974	0.3456461800714211	0.473157948178287	0.043253714632573645	45353
1.7000000000000002	208.8761258462974	0.355094110074168	0.4731579482145329	0.043253714625274	45687
1.7000000000000002	208.8761258462974	0.3645420400769149	0.4731579491759529	0.04325371443165134	46015
1.7000000000000002	208.8761258462974	0.373989970079662	0.4731579510625465	0.04325371405170576	46336
1.7000000000000002	235.87632671064893	0.3267503200659271	0.468546859572051	0.04418235274025639	45266
1.7000000000000002	235.87632671064893	0.3361982500686741	0.46854684878167485	0.04418235491335593	45619
1.7000000000000002	235.87632671064893	0.3456461800714211	0.46854684349423736	0.04418235597820555	45964
1.7000000000000002	235.87632671064893	0.355094110074168	0.46854684370983224	0.04418235593478638	46302
1.7000000000000002	235.87632671064893	0.3645420400769149	0.46854684942845576	0.04418235478309918	46634
1.7000000000000002	235.87632671064893	0.373989970079662	0.4685468606500065	0.044182352523164374	46960
1.7000000000000002	266.3666863653437	0.3267503200659271	0.475852570964841	0.042711038137040636	45868
1.7000000000000002	266.3666863653437	0.3361982500686741	0.47585256974415296	0.04271103838287791	46225
1.7000000000000002	266.3666863653437	0.3456461800714211	0.4758525691460036	0.04271103850334063	46574
1.7000000000000002	266.3666863653437	0.355094110074168	0.47585256917039304	0.04271103849842879	46917
1.7000000000000002	266.3666863653437	0.3645420400769149	0.47585256981732127	0.04271103836814237	47254
1.7000000000000002	266.3666863653437	0.373989970079662	0.4758525710867882	0.042711038112481406	47584
1.7000000000000002	300.7983573200619	0.3267503200659271	0.48410529092150745	0.041049003225495026	46744
1.7000000000000002	300.7983573200619	0.3361982500686741	0.48410529031172245	0.04104900334830108	47105
1.7000000000000002	300.7983573200619	0.3456461800714211	0.4841052900129217	0.04104900340847728	47459
1.7000000000000002	300.7983573200619	0.355094110074168	0.4841052900251052	0.041049003406023604	47806
1.7000000000000002	300.7983573200619	0.3645420400769149	0.4841052903482731	0.04104900334094006	48146
1.7000000000000002	300.7983573200619	0.373989970079662	0.4841052909824252	0.04104900321322666	48480
1.7500000000000002	208.26847962181287	0.3253673063452452	0.4733034461910226	0.04322441244153882	41686
1.7500000000000002	208.26847962181287	0.3347576107762971	0.47330344430020876	0.04322441282233433	42007
1.7500000000000002	208.26847962181287	0.344147915207349	0.4733034432999417	0.0432244130237805	42322
1.7500000000000002	208.26847962181287	0.3535382196384009	0.4733034431902218	0.04322441304587726	42631
1.7500000000000002	208.26847962181287	0.3629285240694528	0.4733034439710491	0.04322441288862457	42934
1.7500000000000002	208.26847962181287	0.3723188285005046	0.47330344564242344	0.04322441255202253	43231
1.7500000000000002	235.16272743149003	0.3253673063452452	0.4683754104721639	0.04421688128248995	42239
1.7500000000000002	235.16272743149003	0.3347576107762971	0.46837539632806713	0.04421688413100326	42564
1.7500000000000002	235.16272743149003	0.344147915207349	0.4683753888455366	0.04421688563792789	42883
1.7500000000000002	235.16272743149003	0.3535382196384009	0.46837538802476897	0.044216885803224235	43196
1.7500000000000002	235.16272743149003	0.3629285240694528	0.46837539386578586	0.04421688462688795	43503
1.7500000000000002	235.16272743149003	0.3723188285005046	0.46837540636843367	0.044216882108949945	43804
1.7500000000000002	265.52989906795915	0.3253673063452452	0.4756519124415741	0.042751449234559986	42951
1.7500000000000002	265.52989906795915	0.3347576107762971	0.47565191110327193	0.042751449504083855	43280
1.7500000000000002	265.52989906795915	0.344147915207349	0.4756519103952913	0.04275144964666575	43603
1.7500000000000002	265.52989906795915	0.3535382196384009	0.4756519103176325	0.04275144966230565	43920
1.7500000000000002	265.52989906795915	0.3629285240694528	0.4756519108702955	0.04275144955100353	44231
1.7500000000000002	265.52989906795915	0.3723188285005046	0.47565191205328017	0.04275144931275943	44535
1.7500000000000002	299.8184621735228	0.3253673063452452	0.48387037505531094	0.04109631349083114	43851
1.7500000000000002	299.8184621735228	0.3347576107762971	0.48387037439363145	0.04109631362408836	44184
1.7500000000000002	299.8184621735228	0.344147915207349	0.48387037404359373	0.04109631369458328	44511
1.7500000000000002	299.8184621735228	0.3535382196384009	0.48387037400519795	0.04109631370231591	44831
1.7500000000000002	299.8184621735228	0.3629285240694528	0.4838703742784439	0.04109631364728624	45145
1.7500000000000002	299.8184621735228	0.3723188285005046	0.4838703748633318	0.04109631352949429	45453
1.8	207.7244692375384	0.3333169714839202	0.4734337194254893	0.043198176404830875	39276
1.8	207.7244692375384	0.342649650343277	0.4734337183182157	0.04319817662782734	39568
1.8	207.7244692375384	0.3519823292026338	0.4734337180708985	0.04319817667763513	39854
1.8	207.7244692375384	0.3613150080619906	0.4734337186835378	0.04319817655425425	40134
1.8	207.7244692375384	0.3706476869213473	0.4734337201561333	0.043198176257684746	40410
1.8	234.5239305853984	0.3333169714839202	0.4682218201732429	0.04424781319829733	39851
1.8	234.5239305853984	0.342649650343277	0.4682218095563806	0.04424781533645249	40147
1.8	234.5239305853984	0.3519823292026338	0.46822180718500594	0.04424781581402927	40436
1.8	234.5239305853984	0.3613150080619906	0.46822181305921556	0.044247814631008214	40720
1.8	234.5239305853984	0.3706476869213473	0.4682218271787701	0.04424781178743753	40999
1.8	264.7809101118901	0.3333169714839202	0.47547231004641344	0.04278761978833156	40684
1.8	264.7809101118901	0.342649650343277	0.4754723092264219	0.04278761995347159	40983
1.8	264.7809101118901	0.3519823292026338	0.47547230904327115	0.04278761999035676	41275
1.8	264.7809101118901	0.3613150080619906	0.4754723094969612	0.04278761989898705	41563
1.8	264.7809101118901	0.3706476869213473	0.4754723105874919	0.042787619679362475	41844
1.8	298.9414776764184	0.3333169714839202	0.4836601324872177	0.041138654741945786	41516
1.8	298.9414776764184	0.342649650343277	0.4836601320856662	0.041138654822815195	41818
1.8	298.9414776764184	0.3519823292026338	0.4836601319959769	0.04113865484087793	42113
1.8	298.9414776764184	0.3613150080619906	0.4836601322181498	0.041138654796134	42403
1.8	298.9414776764184	0.3706476869213473	0.4836601327521849	0.0411386546885834	42688
1.85	207.24009256206884	0.3318763321915432	0.473549730628653	0.043174812632547195	36787
1.85	207.24009256206884	0.341151385479205	0.4735497294177918	0.04317481287640543	37058
1.85	207.24009256206884	0.3504264387668667	0.47354972903969667	0.04317481295255089	37323
1.85	207.24009256206884	0.3597014920545284	0.47354972949436785	0.043174812860983576	37583
1.85	207.24009256206884	0.3689765453421901	0.47354973078180523	0.043174812601703506	37839
1.85	233.95521412513543	0.3318763321915432	0.4680849929900705	0.04427536915033193	37536
1.85	233.95521412513543	0.341151385479205	0.4680849777013436	0.04427537222936503	37810
1.85	233.95521412513543	0.3504264387668667	0.468084972927291	0.044275373190822837	38078
1.85	233.95521412513543	0.3597014920545284	0.46808497866823323	0.04427537203464082	38341
1.85	233.95521412513543	0.3689765453421901	0.4680849949237849	0.044275368760896584	38599
1.85	264.1141563857617	0.3318763321915432	0.47531243473782664	0.042819817457192315	38304
1.85	264.1141563857617	0.341151385479205	0.47531243380424965	0.042819817645207606	38581
1.85	264.1141563857617	0.3504264387668667	0.47531243351273744	0.04281981770391595	38852
1.85	264.1141563857617	0.3597014920545284	0.47531243386329003	0.042819817633317325	39117
1.85	264.1141563857617	0.3689765453421901	0.4753124348559074	0.042819817433411754	39378
1.85	298.1608589670165	0.3318763321915432	0.48347299634729124	0.041176342534504216	39071
1.85	298.1608589670165	0.341151385479205	0.48347299589413373	0.04117634262576668	39351
1.85	298.1608589670165	0.3504264387668667	0.4834729957526339	0.04117634265426366	39624
1.85	298.1608589670165	0.3597014920545284	0.48347299592279186	0.04117634261999515	39892
1.85	298.1608589670165	0.3689765453421901	0.4834729964046075	0.04117634252296115	40156
1.9	206.81172188379583	0.3304356928991662	0.4736523450896376	0.04315414686205197	34696
1.9	206.81172188379583	0.3396531206151329	0.47365234377786447	0.043154147126233076	34948
1.9	206.81172188379583	0.3488705483310995	0.473652343274563	0.04315414722759416	35194
1.9	206.81172188379583	0.3580879760470662	0.47365234357973335	0.043154147166135186	35435
1.9	206.81172188379583	0.3673054037630329	0.47365234469337536	0.04315414694185617	35672
1.9	233.4522997376952	0.3304356928991662	0.4679639087155683	0.04429975460052515	35407
1.9	233.4522997376952	0.3396531206151329	0.46796388601941513	0.04429975917135744	35661
1.9	233.4522997376952	0.3488705483310995	0.4679638773109579	0.04429976092517437	35909
1.9	233.4522997376952	0.3580879760470662	0.4679638825912439	0.044299759861765015	36153
1.9	233.4522997376952	0.3673054037630329	0.467963901859638	0.044299755981257266	36393
1.9	263.52459984565724	0.3304356928991662	0.47517107905373723	0.042848285414803344	36116
1.9	263.52459984565724	0.3396531206151329	0.4751710780056223	0.0428482856258857	36373
1.9	263.52459984565724	0.3488705483310995	0.4751710776034813	0.04284828570687383	36624
1.9	263.52459984565724	0.3580879760470662	0.4751710778473143	0.04284828565776772	36870
1.9	263.52459984565724	0.3673054037630329	0.4751710787371212	0.042848285478567394	37112
1.9	297.47068159894667	0.3304356928991662	0.4833075463750698	0.0412096628981407	36825
1.9	297.47068159894667	0.3396531206151329	0.48330754587039304	0.04120966299977876	37084
1.9	297.47068159894667	0.3488705483310995	0.4833075456767585	0.04120966303877528	37337
1.9	297.47068159894667	0.3580879760470662	0.4833075457941663	0.04120966301513025	37586
1.9	297.47068159894667	0.3673054037630329	0.48330754622261635	0.04120966292884367	37829
1.95	206.43606047425936	0.3289950536067893	0.4737423512237139	0.04313602031251758	32206
1.95	206.43606047425936	0.3381548557510609	0.4737423498130898	0.04313602059660651	32435
1.95	206.43606047425936	0.3473146578953324	0.47374234918913244	0.04313602072226677	32660
1.95	206.43606047425936	0.356474460039604	0.4737423493518419	0.04313602068949832	32880
1.95	206.43606047425936	0.3656342621838756	0.47374235030121825	0.04313602049830116	33096
1.95	206.43606047425936	0.3747940643281472	0.47374235203726106	0.04313602014867537	33309
1.95	233.0113012073573	0.3289950536067893	0.46785769896888674	0.04432114443416279	32852
1.95	233.0113012073573	0.3381548557510609	0.46785766335923396	0.044321151605675506	33083
1.95	233.0113012073573	0.3473146578953324	0.4678576476064517	0.04432115477816581	33310
1.95	233.0113012073573	0.356474460039604	0.4678576517144066	0.04432115395085501	33533
1.95	233.0113012073573	0.3656342621838756	0.4678576756820901	0.04432114912394619	33751
1.95	233.0113012073573	0.3747940643281472	0.46785771950362015	0.04432114029862396	33965
1.95	263.0076662265879	0.3289950536067893	0.4750471478704859	0.04287324421072449	33497
1.95	263.0076662265879	0.3381548557510609	0.4750471467075112	0.04287324444493874	33731
1.95	263.0076662265879	0.3473146578953324	0.47504714619309585	0.042873244548538074	33960
1.95	263.0076662265879	0.356474460039604	0.47504714632724004	0.042873244521522455	34184
1.95	263.0076662265879	0.3656342621838756	0.4750471471099437	0.042873244363891894	34404
1.95	263.0076662265879	0.3747940643281472	0.4750471485412067	0.04287324407564643	34620
1.95	296.86556890388334	0.3289950536067893	0.48316249420705104	0.041238875299447	34142
1.95	296.86556890388334	0.3381548557510609	0.48316249365111397	0.041238875411408485	34377
1.95	296.86556890388334	0.3473146578953324	0.4831624934052079	0.04123887546093209	34608
1.95	296.86556890388334	0.356474460039604	0.4831624934693329	0.04123887544801781	34834
1.95	296.86556890388334	0.3656342621838756	0.48316249384348886	0.04123887537266564	35056
1.95	296.86556890388334	0.3747940643281472	0.48316249452767585	0.0412388752348756	35274
2.0	206.1101051554335	0.3275544143144123	0.4738204675315926	0.043120288283376	30524
2.0	206.1101051554335	0.3366565908869888	0.47382046602366085	0.04312028858706197	30738
2.0	206.1101051554335	0.3457587674595652	0.4738204652827503	0.043120288736275714	30947
2.0	206.1101051554335	0.3548609440321417	0.4738204653088612	0.04312028873101718	31152
2.0	206.1101051554335	0.3639631206047183	0.4738204661019935	0.04312028857128636	31354
2.0	206.1101051554335	0.3730652971772948	0.4738204676621471	0.04312028825708333	31551
2.0	232.628679934583	0.3275544143144123	0.46776573673438443	0.04433966492741703	31124
2.0	232.628679934583	0.3366565908869888	0.46776567466245167	0.04433967742823129	31340
2.0	232.628679934583	0.3457587674595652	0.467765644154527	0.044339683572294834	31551
2.0	232.628679934583	0.3548609440321417	0.4677656452297811	0.04433968335574685	31758
2.0	232.628679934583	0.3639631206047183	0.467765677887538	0.044339676778723476	31961
2.0	232.628679934583	0.3730652971772948	0.46776574210727734	0.04433966384535734	32160
2.0	262.55919226908406	0.3275544143144123	0.4749396443970531	0.042894894591071334	31723
2.0	262.55919226908406	0.3366565908869888	0.47493964311952597	0.04289489484835556	31941
2.0	262.55919226908406	0.3457587674595652	0.4749396424918229	0.04289489497477016	32154
2.0	262.55919226908406	0.3548609440321417	0.4749396425139442	0.04289489497031511	32362
2.0	262.55919226908406	0.3639631206047183	0.47493964318588977	0.04289489483499039	32567
2.0	262.55919226908406	0.3730652971772948	0.47493964450765946	0.04289489456879605	32768
2.0	296.34062947173834	0.3275544143144123	0.48303666772961157	0.04126421579317504	32322
2.0	296.34062947173834	0.3366565908869888	0.4830366671228378	0.041264215915374644	32541
2.0	296.34062947173834	0.3457587674595652	0.48303666682470436	0.04126421597541646	32756
2.0	296.34062947173834	0.3548609440321417	0.48303666683521107	0.04126421597330049	32966
2.0	296.34062947173834	0.3639631206047183	0.483036667154358	0.04126421590902673	33172
2.0	296.34062947173834	0.3730652971772948	0.4830366677821451	0.04126421578259518	33375
2.05	205.9022044241649	0.3315244600008093	0.47387030967622257	0.04311025045525675	28941
2.05	205.9022044241649	0.3407854384008417	0.4738703084986327	0.04311025069241438	29141
2.05	205.9022044241649	0.3500464168008741	0.4738703081087347	0.043110250770936866	29337
2.05	205.9022044241649	0.3593073952009065	0.47387030850652867	0.04311025069082419	29529
2.05	205.9022044241649	0.3685683736009388	0.4738703096920145	0.04311025045207638	29718
2.05	232.3846491797113	0.3315244600008093	0.4677080304047017	0.044351286542478906	29498
2.05	232.3846491797113	0.3407854384008417	0.4677079512296955	0.04435130248772182	29700
2.05	232.3846491797113	0.3500464168008741	0.4677079250001297	0.04435130777015651	29898
2.05	232.3846491797113	0.3593073952009065	0.46770795176080293	0.04435130238076084	30092
2.05	232.3846491797113	0.3685683736009388	0.4677080314660099	0.044351286328739525	30282
2.05	262.27317636255333	0.3315244600008093	0.4748710989258947	0.04290869912662953	30055
2.05	262.27317636255333	0.3407854384008417	0.4748710979107215	0.04290869933107766	30258
2.05	262.27317636255333	0.3500464168008741	0.47487109757459944	0.04290869939877009	30458
2.05	262.27317636255333	0.3593073952009065	0.47487109791752846	0.0429086993297068	30653
2.05	262.27317636255333	0.3685683736009388	0.4748710989395085	0.042908699123887804	30845
2.05	296.00586476823344	0.3315244600008093	0.4829564328383074	0.041280374488874366	30611
2.05	296.00586476823344	0.3407854384008417	0.48295643235815533	0.04128037458557334	30816
2.05	296.00586476823344	0.3500464168008741	0.4829564321991778	0.04128037461759021	31017
2.05	296.00586476823344	0.3593073952009065	0.4829564323613748	0.04128037458492496	31214
2.05	296.00586476823344	0.3685683736009388	0.48295643284474643	0.0412803744875776	31407
2.1	205.73573575183684	0.3260747254597181	0.4739102455083619	0.04310220768298462	27278
2.1	205.73573575183684	0.3354945056872063	0.4739102438565193	0.04310220801565313	27470
2.1	205.73573575183684	0.3449142859146946	0.47391024301444407	0.043102208185240666	27658
2.1	205.73573575183684	0.3543340661421829	0.4739102429821365	0.04310220819174716	27842
2.1	205.73573575183684	0.3637538463696712	0.4739102437595966	0.04310220803517262	28022
2.1	205.73573575183684	0.3731736265971594	0.4739102453468242	0.04310220771551709	28200
2.1	232.1892578579815	0.3260747254597181	0.467666578796934	0.044359634580412026	27795
2.1	232.1892578579815	0.3354945056872063	0.46766637697412267	0.044359675225988285	27988
2.1	232.1892578579815	0.3449142859146946	0.4676662737836101	0.044359696007771184	28178
2.1	232.1892578579815	0.3543340661421829	0.46766626982040826	0.044359696805929834	28364
2.1	232.1892578579815	0.3637538463696712	0.46766636510746473	0.044359677615842766	28546
2.1	232.1892578579815	0.3731736265971594	0.46766655909500293	0.04435963854823081	28724
2.1	262.04417656284045	0.3260747254597181	0.4748162412157832	0.04291974705141693	28311
2.1	262.04417656284045	0.3354945056872063	0.47481623977175935	0.04291974734223233	28507
2.1	262.04417656284045	0.3449142859146946	0.4748162390356258	0.04291974749048401	28697
2.1	262.04417656284045	0.3543340661421829	0.4748162390073829	0.04291974749617192	28884
2.1	262.04417656284045	0.3637538463696712	0.4748162396870305	0.042919747359296066	29068
2.1	262.04417656284045	0.3731736265971594	0.47481624107456855	0.042919747079856484	29247
2.1	295.73784379162515	0.3260747254597181	0.48289220583259546	0.04129330931839941	28828
2.1	295.73784379162515	0.3354945056872063	0.48289220515192127	0.04129330945548199	29024
2.1	295.73784379162515	0.3449142859146946	0.4828922048049277	0.04129330952536385	29216
2.1	295.73784379162515	0.3543340661421829	0.48289220479161477	0.04129330952804498	29405
2.1	295.73784379162515	0.3637538463696712	0.4828922051119824	0.04129330946352538	29589
2.1	295.73784379162515	0.3731736265971594	0.48289220576603065	0.041293309331805056	29770
2.15	232.04006107985305	0.3298859693186593	0.46765247777236585	0.04436247441930682	26404
2.15	232.04006107985305	0.3394645513736034	0.46765225235823515	0.04436251981599503	26586
2.15	232.04006107985305	0.3490431334285476	0.4676521674850899	0.044362536908799724	26764
2.15	232.04006107985305	0.3586217154834917	0.46765222411306373	0.04436252550435733	26938
2.15	232.04006107985305	0.3682002975384358	0.4676524216005854	0.04436248573187536	27109
2.15	261.86932203509485	0.3298859693186593	0.4747743803106554	0.042928177518719426	26886
2.15	261.86932203509485	0.3394645513736034	0.47477437913274906	0.04292817775594078	27069
2.15	261.86932203509485	0.3490431334285476	0.47477437869108174	0.042928177844889205	27248
2.15	261.86932203509485	0.3586217154834917	0.47477437898565367	0.042928177785564674	27423
2.15	261.86932203509485	0.3682002975384358	0.4747743800164646	0.0429281775779672	27595
2.15	295.5332001896044	0.3298859693186593	0.48284317842674224	0.04130318306433752	27367
2.15	295.5332001896044	0.3394645513736034	0.48284317787295916	0.04130318317586522	27551
2.15	295.5332001896044	0.3490431334285476	0.4828431776653129	0.041303183217683594	27731
2.15	295.5332001896044	0.3586217154834917	0.4828431778038034	0.04130318318979265	27908
2.15	295.5332001896044	0.3682002975384358	0.4828431782884308	0.041303183092192386	28081
