M1	Pi	M2	MWD	Pf	N
1.0	73.86213164147249	0.1799999999999999	0.34475670391072305	0.041221881099410836	201031
1.0	73.86213164147249	0.1899999999999999	0.34475670495416777	0.04122188179259472	204319
1.0	83.69474720437096	0.1799999999999999	0.3456553122946922	0.04181884694115569	205120
1.0	83.69474720437096	0.1899999999999999	0.345655316442179	0.04181884969642485	208475
1.0	94.83629234537908	0.1799999999999999	0.3452412192779857	0.041543755599155296	209209
1.0	94.83629234537908	0.1899999999999999	0.3452412210273616	0.04154375676130524	212631
1.0	107.46101334001642	0.1799999999999999	0.34408743490007365	0.0407772705822784	213298
1.0	107.46101334001642	0.1899999999999999	0.3440874355700622	0.040777271027366946	216786
1.0	121.76635233701076	0.1	0.3843284447191801	0.06356691804745064	182244
1.0	121.76635233701076	0.11	0.384328443803582	0.06356691813918126	187530
1.0	121.76635233701076	0.12	0.38432844295112595	0.0635669182245859	192490
1.0	137.97603522076352	0.1	0.3841111942371256	0.06358868362705636	185672
1.0	137.97603522076352	0.11	0.3841111903753851	0.06358868401395087	191057
1.0	137.97603522076352	0.12	0.384111186779773	0.0635886843741829	196110
1.0	156.34357053377042	0.1	0.370833257286859	0.041549376634223166	189100
1.0	156.34357053377042	0.11	0.3708332571337548	0.0415493762204013	194585
1.0	156.34357053377042	0.12	0.37083325667444317	0.04154937497893799	199731
1.0	177.15621417979145	0.1	0.37036525093602946	0.04028441266764928	192528
1.0	177.15621417979145	0.11	0.37036525089609756	0.04028441255971817	198112
1.0	177.15621417979145	0.12	0.3703652507763018	0.04028441223592489	203352
1.0	200.73946191306345	0.1	0.47416577720912695	0.040588033850400655	195956
1.0	200.73946191306345	0.11	0.4741657583563317	0.040588038513351014	201640
1.0	200.73946191306345	0.12	0.47416574027299385	0.04058804298598784	206972
1.05	73.38575020828445	0.1781818181818181	0.34471315833980604	0.04119295279330946	176509
1.05	73.38575020828445	0.1879545454545454	0.34471315945058023	0.04119295353122183	179341
1.05	73.38575020828445	0.1977272727272727	0.3447131599202367	0.04119295384322524	182070
1.05	73.38575020828445	0.2075	0.3447131597487748	0.04119295372931922	184707
1.05	83.12132776436124	0.1781818181818181	0.34560287739176837	0.04178401325106426	180016
1.05	83.12132776436124	0.1879545454545454	0.3456028812902827	0.04178401584093538	182904
1.05	83.12132776436124	0.1977272727272727	0.3456028829386607	0.041784016935990126	185688
1.05	83.12132776436124	0.2075	0.34560288233687103	0.04178401653620764	188376
1.05	94.14845674672132	0.1781818181818181	0.34530406456685964	0.04158550514371955	183523
1.05	94.14845674672132	0.1879545454545454	0.3453040666822891	0.04158550654904711	186467
1.05	94.14845674672132	0.1977272727272727	0.34530406757673443	0.04158550714324737	189305
1.05	94.14845674672132	0.2075	0.34530406725019075	0.041585506926317024	192046
1.05	106.63847830868892	0.1781818181818181	0.34416260116385033	0.04082720522870142	187030
1.05	106.63847830868892	0.1879545454545454	0.3441626019338905	0.04082720574025647	190030
1.05	106.63847830868892	0.1977272727272727	0.34416260225947803	0.04082720595655163	192922
1.05	106.63847830868892	0.2075	0.34416260214061273	0.040827205877586724	195716
1.05	120.78546424382836	0.1	0.38434158814257624	0.06356560125300435	160407
1.05	120.78546424382836	0.1097727272727272	0.3843415872865936	0.06356560133876232	164926
1.05	120.78546424382836	0.1195454545454545	0.3843415864882552	0.0635656014187451	169172
1.05	136.80923250203958	0.1	0.38412678259919975	0.06358712188260157	163359
1.05	136.80923250203958	0.1097727272727272	0.384126779530733	0.06358712219002072	167962
1.05	136.80923250203958	0.1195454545454545	0.38412677666881107	0.06358712247674685	172285
1.05	154.95876275322146	0.1	0.3708643922388934	0.04163353060425953	166312
1.05	154.95876275322146	0.1097727272727272	0.37086439205869354	0.04163353011720141	170998
1.05	154.95876275322146	0.1195454545454545	0.3708643915180955	0.04163352865603096	175399
1.05	175.51606507003262	0.1	0.37040213131270594	0.04038409581828746	169264
1.05	175.51606507003262	0.1097727272727272	0.37040213127220956	0.0403840957088307	174033
1.05	175.51606507003262	0.1195454545454545	0.3704021311507204	0.04038409538046045	178513
1.05	198.8005618419116	0.1	0.47463184138819003	0.040472760009169974	172216
1.05	198.8005618419116	0.1097727272727272	0.47463182402999765	0.04047276430245318	177069
1.05	198.8005618419116	0.1195454545454545	0.47463180736384425	0.04047276842457114	181627
1.1	72.9521338426647	0.1766666666666667	0.34467350539846814	0.0411666104489404	156319
1.1	72.9521338426647	0.18625	0.34467350655443935	0.041166611216878146	158783
1.1	72.9521338426647	0.1958333333333333	0.34467350711294265	0.0411666115879045	161158
1.1	72.9521338426647	0.2054166666666667	0.34467350707397726	0.04116661156201894	163454
1.1	72.9521338426647	0.215	0.3446735064375433	0.04116661113922149	165675
1.1	72.9521338426647	0.2245833333333333	0.34467350520364165	0.041166610319512756	167827
1.1	82.59958673582284	0.1766666666666667	0.34555512053699483	0.04175228729399826	159355
1.1	82.59958673582284	0.18625	0.3455551242264232	0.04175228974496884	161866
1.1	82.59958673582284	0.1958333333333333	0.34555512600896815	0.04175229092915369	164288
1.1	82.59958673582284	0.2054166666666667	0.3455551258846043	0.04175229084653597	166628
1.1	82.59958673582284	0.215	0.3455551238533334	0.04175228949711686	168892
1.1	82.59958673582284	0.2245833333333333	0.3455551199151844	0.04175228688091555	171086
1.1	93.52285354179176	0.1766666666666667	0.34536118422605544	0.04162345102319311	162390
1.1	93.52285354179176	0.18625	0.3453611867153612	0.041623452676895135	164949
1.1	93.52285354179176	0.1958333333333333	0.3453611879180632	0.04162345347587724	167417
1.1	93.52285354179176	0.2054166666666667	0.3453611878341537	0.04162345342013425	169802
1.1	93.52285354179176	0.215	0.3453611864636332	0.04162345250966653	172109
1.1	93.52285354179176	0.2245833333333333	0.3453611838065106	0.04162345074447997	174345
1.1	105.89065248683777	0.1766666666666667	0.3442309271284757	0.04087259570993134	165426
1.1	105.89065248683777	0.18625	0.3442309279881135	0.040872596281008144	168033
1.1	105.89065248683777	0.1958333333333333	0.34423092840344427	0.040872596556921756	170547
1.1	105.89065248683777	0.2054166666666667	0.34423092837446767	0.040872596537671974	172976
1.1	105.89065248683777	0.215	0.3442309279011838	0.04087259622325879	175326
1.1	105.89065248683777	0.2245833333333333	0.344230926983593	0.04087259561368247	177604
1.1	119.89401370305342	0.1	0.3843535345958695	0.06356440437888145	142345
1.1	119.89401370305342	0.1095833333333333	0.3843535337883115	0.06356440445978792	146254
1.1	119.89401370305342	0.1191666666666666	0.3843535330340481	0.06356440453535497	149929
1.1	135.7492298351331	0.1	0.38414096255276825	0.0635857012417575	144910
1.1	135.7492298351331	0.1095833333333333	0.384140959980675	0.06358570149944669	148889
1.1	135.7492298351331	0.1191666666666666	0.38414095757827116	0.06358570174013528	152630
1.1	153.70119684601497	0.1	0.3708926514701307	0.041709911852451764	147475
1.1	153.70119684601497	0.1095833333333333	0.3708926512505366	0.04170991125891588	151525
1.1	153.70119684601497	0.1191666666666666	0.3708926505917572	0.041709909478315606	155332
1.1	174.02719662268962	0.1	0.37043560752379906	0.04047457792541103	150040
1.1	174.02719662268962	0.1095833333333333	0.37043560748254073	0.04047457781389472	154160
1.1	174.02719662268962	0.1191666666666666	0.37043560735876563	0.040474577479345825	158033
1.1	197.0411798074268	0.1	0.4750547967286623	0.04036814847935175	152605
1.1	197.0411798074268	0.1095833333333333	0.4750547805559806	0.04036815247941704	156795
1.1	197.0411798074268	0.1191666666666666	0.475054765015337	0.04036815632315737	160735
1.15	72.5569117903113	0.1784	0.3446373473003723	0.0411425898078572	139829
1.15	72.5569117903113	0.1882	0.34463734833590104	0.04114259049578232	142045
1.15	72.5569117903113	0.1980000000000001	0.34463734876375446	0.04114259078001501	144181
1.15	72.5569117903113	0.2078	0.344637348583932	0.04114259066055489	146243
1.15	72.5569117903113	0.2176	0.3446373477964339	0.041142590137402096	148238
1.15	72.5569117903113	0.2274000000000001	0.33421438627064004	0.08693760639788645	150170
1.15	72.5569117903113	0.2372000000000001	0.33421438769944095	0.08693760567153876	152045
1.15	82.12421174908303	0.1784	0.34551156983746817	0.041723355580845646	142485
1.15	82.12421174908303	0.1882	0.3455115729036149	0.041723357617756154	144743
1.15	82.12421174908303	0.1980000000000001	0.34551157417047207	0.041723358459358	146919
1.15	82.12421174908303	0.2078	0.3455115736380244	0.04172335810564099	149020
1.15	82.12421174908303	0.2176	0.3455115713062783	0.04172335655660941	151053
1.15	82.12421174908303	0.2274000000000001	0.3353524711475617	0.08635904759527296	153022
1.15	82.12421174908303	0.2372000000000001	0.33535247537816404	0.08635904544459662	154932
1.15	92.95304870333275	0.1784	0.3454131568589687	0.04165797761687755	145140
1.15	92.95304870333275	0.1882	0.3454131593706633	0.04165797928545302	147440
1.15	92.95304870333275	0.1980000000000001	0.34541316040843273	0.04165797997486669	149657
1.15	92.95304870333275	0.2078	0.34541315997226857	0.041657979685112964	151798
1.15	92.95304870333275	0.2176	0.3454131580621742	0.04165797841619418	153868
1.15	92.95304870333275	0.2274000000000001	0.33522435471531253	0.08642417708705365	155874
1.15	92.95304870333275	0.2372000000000001	0.33522435818089485	0.08642417532528421	157820
1.15	105.20976797491912	0.1784	0.3442931217168055	0.04091391297943008	147795
1.15	105.20976797491912	0.1882	0.34429312253815236	0.04091391352506936	150137
1.15	105.20976797491912	0.1980000000000001	0.3442931228775114	0.04091391375051321	152395
1.15	105.20976797491912	0.2078	0.3442931227348822	0.04091391365576144	154575
1.15	105.20976797491912	0.2176	0.344293122110265	0.040913913240814136	156683
1.15	105.20976797491912	0.2274000000000001	0.33376626464914816	0.08716541428288081	158726
1.15	105.20976797491912	0.2372000000000001	0.3337662657824254	0.08716541370676602	160707
1.15	119.082649055054	0.1	0.3843644091289018	0.06356331489676777	126907
1.15	119.082649055054	0.1098	0.38436440833168056	0.06356331497663861	130443
1.15	119.082649055054	0.1196	0.38436440758830165	0.0635633150511152	133763
1.15	134.78479782741906	0.1	0.38415387411832375	0.06358440767635191	129146
1.15	134.78479782741906	0.1098	0.38415387179799226	0.06358440790881796	132745
1.15	134.78479782741906	0.1196	0.3841538696343311	0.06358440812558773	136124
1.15	152.55742015765318	0.1	0.3709183239935877	0.041779301545661236	131386
1.15	152.55742015765318	0.1098	0.37091832369032085	0.041779300725968	135048
1.15	152.55742015765318	0.1196	0.37091832278052717	0.04177929826690693	138485
1.15	172.67352713589318	0.1	0.3704660408039529	0.04055683536211255	133626
1.15	172.67352713589318	0.1098	0.3704660407583414	0.04055683523883007	137350
1.15	172.67352713589318	0.1196	0.3704660406215067	0.0405568348689827	140846
1.15	195.4421288898172	0.1	0.47543923842129443	0.04027306271084662	135866
1.15	195.4421288898172	0.1098	0.4754392226123485	0.04027306662094743	139652
1.15	195.4421288898172	0.1196	0.4754392074354757	0.04027307037471463	143207
1.2000000000000002	118.34336712420816	0.2251851851851852	0.38437431285623214	0.06356232267634292	144738
1.2000000000000002	118.34336712420816	0.2348148148148149	0.38437431275149103	0.06356232268683656	146518
1.2000000000000002	118.34336712420816	0.2444444444444445	0.38437431269718086	0.06356232269227771	148248
1.2000000000000002	118.34336712420816	0.2540740740740741	0.3843743126933015	0.06356232269266637	149930
1.2000000000000002	133.90633321208531	0.2251851851851852	0.38416562506048624	0.06358323038981767	147241
1.2000000000000002	133.90633321208531	0.2348148148148149	0.384165624776506	0.06358323041826867	149052
1.2000000000000002	133.90633321208531	0.2444444444444445	0.3841656246292567	0.06358323043302108	150812
1.2000000000000002	133.90633321208531	0.2540740740740741	0.3841656246187389	0.06358323043407482	152523
1.2000000000000002	151.51593629651003	0.2251851851851852	0.3709415663010935	0.041842122662175456	149744
1.2000000000000002	151.51593629651003	0.2348148148148149	0.370941555162412	0.04184209255568082	151586
1.2000000000000002	151.51593629651003	0.2444444444444445	0.3709415432010741	0.041842060225646294	153376
1.2000000000000002	151.51593629651003	0.2540740740740741	0.37094153041759886	0.041842025673475176	155116
1.2000000000000002	171.4413232079764	0.2251851851851852	0.37049373172045375	0.040631680525031584	152247
1.2000000000000002	171.4413232079764	0.2348148148148149	0.3704937304661451	0.0406316771347885	154120
1.2000000000000002	171.4413232079764	0.2444444444444445	0.3704937291189281	0.04063167349342568	155940
1.2000000000000002	171.4413232079764	0.2540740740740741	0.3704937276788036	0.04063166960094514	157709
1.2500000000000002	117.6692725248898	0.2276785714285714	0.3843833500841387	0.06356141726751917	130804
1.2500000000000002	117.6692725248898	0.2375	0.38438334999361595	0.06356141727658833	132416
1.2500000000000002	117.6692725248898	0.2473214285714285	0.38438334995415735	0.06356141728054156	133981
1.2500000000000002	117.6692725248898	0.2571428571428571	0.38438334996576284	0.06356141727937883	135502
1.2500000000000002	117.6692725248898	0.2669642857142856	0.38438335002843244	0.06356141727310019	136983
1.2500000000000002	133.10556766006692	0.2276785714285714	0.38417635718982257	0.06358215517464116	133021
1.2500000000000002	133.10556766006692	0.2375	0.3841763569580783	0.06358215519785883	134661
1.2500000000000002	133.10556766006692	0.2473214285714285	0.38417635685706136	0.06358215520797937	136252
1.2500000000000002	133.10556766006692	0.2571428571428571	0.38417635688677226	0.06358215520500274	137800
1.2500000000000002	133.10556766006692	0.2669642857142856	0.3841763570472107	0.06358215518892896	139306
1.2500000000000002	150.56685370737782	0.2276785714285714	0.3709625952235353	0.041898961269381654	135239
1.2500000000000002	150.56685370737782	0.2375	0.3709625768324611	0.041898911560555814	136906
1.2500000000000002	150.56685370737782	0.2473214285714285	0.3709625570895991	0.04189885819801271	138524
1.2500000000000002	150.56685370737782	0.2571428571428571	0.3709625359971823	0.04189880118778813	140097
1.2500000000000002	150.56685370737782	0.2669642857142856	0.3709625135575912	0.04189874053631579	141629
1.2500000000000002	170.31877654611628	0.2276785714285714	0.37051896035269416	0.040699870434534845	137457
1.2500000000000002	170.31877654611628	0.2375	0.3705189589792625	0.040699866722317006	139151
1.2500000000000002	170.31877654611628	0.2473214285714285	0.3705189575040996	0.04069986273513192	140796
1.2500000000000002	170.31877654611628	0.2571428571428571	0.3705189559272063	0.04069985847298211	142395
1.2500000000000002	170.31877654611628	0.2669642857142856	0.37051895424858367	0.0406998539358703	143951
1.2500000000000002	192.661830475272	0.2276785714285714	0.4761075857134637	0.04010775723768338	139675
1.2500000000000002	192.661830475272	0.2375	0.4761075786595696	0.040107758982356106	141396
1.2500000000000002	192.661830475272	0.2473214285714285	0.4761075721957305	0.040107760581087774	143067
1.2500000000000002	192.661830475272	0.2571428571428571	0.47610756632194756	0.04010776203387808	144692
1.2500000000000002	192.661830475272	0.2669642857142856	0.47610756103822194	0.04010776334072674	146274
1.3	117.05438758190677	0.2256666666666668	0.3843915947883119	0.06356059125892619	118612
1.3	117.05438758190677	0.2353333333333334	0.38439159469088874	0.06356059126868667	120053
1.3	117.05438758190677	0.2450000000000001	0.3843915946417608	0.06356059127360864	121453
1.3	117.05438758190677	0.2546666666666668	0.38439159464092815	0.06356059127369205	122814
1.3	117.05438758190677	0.2643333333333335	0.38439159468839074	0.06356059126893694	124139
1.3	117.05438758190677	0.2740000000000001	0.3843915947841485	0.0635605912593433	125430
1.3	117.05438758190677	0.2836666666666668	0.37090126360332576	0.11153976313689397	126689
1.3	132.37533798555577	0.2256666666666668	0.3841861476001943	0.06358117430705319	120584
1.3	132.37533798555577	0.2353333333333334	0.38418614736228557	0.06358117433088846	122050
1.3	132.37533798555577	0.2450000000000001	0.3841861472423143	0.06358117434290796	123473
1.3	132.37533798555577	0.2546666666666668	0.3841861472402809	0.06358117434311168	124857
1.3	132.37533798555577	0.2643333333333335	0.38418614735618534	0.06358117433149961	126203
1.3	132.37533798555577	0.2740000000000001	0.3841861475900273	0.0635811743080718	127516
1.3	132.37533798555577	0.2836666666666668	0.37122664460867955	0.10967242345058043	128795
1.3	149.70160853243186	0.2256666666666668	0.3709809997900713	0.04194870656332308	122557
1.3	149.70160853243186	0.2353333333333334	0.37098096314741885	0.04194860752271185	124046
1.3	149.70160853243186	0.2450000000000001	0.37098092387612414	0.04194850137720195	125492
1.3	149.70160853243186	0.2546666666666668	0.3709808819938762	0.041948388174604626	126899
1.3	149.70160853243186	0.2643333333333335	0.37098083751936567	0.041948267965438414	128268
1.3	149.70160853243186	0.2740000000000001	0.37098079047224536	0.041948140802822234	129602
1.3	149.70160853243186	0.2836666666666668	0.3709807408730891	0.04194800674236491	130902
1.3	169.29567046425822	0.2256666666666668	0.37054194952215996	0.04076200734986549	124529
1.3	169.29567046425822	0.2353333333333334	0.3705419481246596	0.04076200357259287	126042
1.3	169.29567046425822	0.2450000000000001	0.3705419466236455	0.040761999515535156	127512
1.3	169.29567046425822	0.2546666666666668	0.3705419450191186	0.040761995178695117	128941
1.3	169.29567046425822	0.2643333333333335	0.37054194331108004	0.040761990562075696	130332
1.3	169.29567046425822	0.2740000000000001	0.370541941499531	0.04076198566568004	131687
1.3	169.29567046425822	0.2836666666666668	0.3705419395844727	0.04076198048951147	133009
1.3	191.45434921451425	0.2256666666666668	0.47639793706493533	0.040035943274941296	126501
1.3	191.45434921451425	0.2353333333333334	0.47639793020886423	0.04003594497068554	128039
1.3	191.45434921451425	0.2450000000000001	0.4763979239073944	0.04003594652925766	129532
1.3	191.45434921451425	0.2546666666666668	0.4763979181605268	0.040035947950657395	130983
1.3	191.45434921451425	0.2643333333333335	0.4763979129682625	0.040035949234884495	132396
1.3	191.45434921451425	0.2740000000000001	0.4763979083306024	0.040035950381938745	133773
1.3	191.45434921451425	0.2836666666666668	0.47639790424754724	0.040035951391819945	135116
1.35	116.49405208816545	0.2334375	0.3843991091969977	0.06355983841612974	109478
1.35	116.49405208816545	0.24296875	0.38439910914011405	0.0635598384218287	110739
1.35	116.49405208816545	0.2524999999999999	0.38439910912918934	0.06355983842292322	111964
1.35	116.49405208816545	0.26203125	0.38439910916422365	0.06355983841941325	113157
1.35	116.49405208816545	0.2715625	0.384399109245217	0.06355983841129881	114319
1.35	116.49405208816545	0.2810937499999999	0.37088936235206105	0.11160806361675517	115452
1.35	116.49405208816545	0.290625	0.37088936246005044	0.11160806299701148	116559
1.35	116.49405208816545	0.30015625	0.3708893624952514	0.11160806279499555	117639
1.35	131.710057535919	0.2334375	0.38419507000113007	0.06358028040234925	111265
1.35	131.710057535919	0.24296875	0.3841950698675826	0.06358028041572891	112545
1.35	131.710057535919	0.2524999999999999	0.3841950698419344	0.06358028041829852	113791
1.35	131.710057535919	0.26203125	0.3841950699241855	0.06358028041005806	115003
1.35	131.710057535919	0.2715625	0.38419507011433573	0.06358028039100756	116184
1.35	131.710057535919	0.2810937499999999	0.3712125131865583	0.10975352273086088	117336
1.35	131.710057535919	0.290625	0.371212513440088	0.10975352127587114	118461
1.35	131.710057535919	0.30015625	0.37121251352273027	0.10975352080159238	119559
1.35	148.91351914676355	0.2334375	0.37098974500608095	0.0419723438133571	113051
1.35	148.91351914676355	0.24296875	0.370989668295533	0.04197213647412153	114352
1.35	148.91351914676355	0.2524999999999999	0.37098958703382484	0.04197191683365622	115618
1.35	148.91351914676355	0.26203125	0.37098950134578546	0.04197168522935854	116849
1.35	148.91351914676355	0.2715625	0.3709894113581498	0.04197144200377762	118050
1.35	148.91351914676355	0.2810937499999999	0.37098931719885947	0.04197118750272403	119220
1.35	148.91351914676355	0.290625	0.37098921899641274	0.041970922073512766	120362
1.35	148.91351914676355	0.30015625	0.37098911687926694	0.04197064606334853	121478
1.35	168.3640308077919	0.2334375	0.37056287610908345	0.040818569356673114	114837
1.35	168.3640308077919	0.24296875	0.3705628745797068	0.04081856522295493	116159
1.35	168.3640308077919	0.2524999999999999	0.37056287294486184	0.040818560804168784	117444
1.35	168.3640308077919	0.26203125	0.3705628712045497	0.040818556100317885	118696
1.35	168.3640308077919	0.2715625	0.37056286935877175	0.04081855111140566	119915
1.35	168.3640308077919	0.2810937499999999	0.3705628674075293	0.040818545837435716	121104
1.35	168.3640308077919	0.290625	0.3705628653508237	0.040818540278411905	122264
1.35	168.3640308077919	0.30015625	0.37056286318865655	0.04081853443433825	123398
1.35	190.3550935621224	0.2334375	0.3700684143896049	0.03948209976201506	116623
1.35	190.3550935621224	0.24296875	0.37006841367338694	0.03948209782616533	117966
1.35	190.3550935621224	0.2524999999999999	0.3700684129077752	0.03948209575681037	119271
1.35	190.3550935621224	0.26203125	0.37006841209276986	0.03948209355395052	120542
1.35	190.3550935621224	0.2715625	0.37006841122837103	0.03948209121758611	121780
1.35	190.3550935621224	0.2810937499999999	0.3700684103145788	0.03948208874771753	122987
1.35	190.3550935621224	0.290625	0.37006840935139346	0.03948208614434517	124166
1.35	190.3550935621224	0.30015625	0.370068408338815	0.039482083407469434	125317
1.4	115.98311311086364	0.2260606060606059	0.3844059625928528	0.0635591517979384	99197
1.4	115.98311311086364	0.2357575757575756	0.3844059625009689	0.06355915180714393	100388
1.4	115.98311311086364	0.2454545454545453	0.38440596245575626	0.06355915181167364	101543
1.4	115.98311311086364	0.255151515151515	0.3844059624572147	0.06355915181152752	102667
1.4	115.98311311086364	0.2648484848484847	0.38440596250534437	0.06355915180670557	103760
1.4	115.98311311086364	0.2745454545454544	0.38440596260014515	0.06355915179720781	104825
1.4	115.98311311086364	0.284242424242424	0.37087850831960123	0.11167035417838996	105864
1.4	115.98311311086364	0.2939393939393938	0.3708785084027571	0.11167035370116395	106877
1.4	115.98311311086364	0.3036363636363634	0.37087850841199665	0.11167035364813882	107867
1.4	115.98311311086364	0.3133333333333331	0.37087850834731984	0.11167035401931462	108834
1.4	131.10356448088388	0.2260606060606059	0.38420320712552297	0.06357946517180495	100786
1.4	131.10356448088388	0.2357575757575756	0.3842032069168603	0.06357946519271016	101995
1.4	131.10356448088388	0.2454545454545453	0.3842032068141849	0.06357946520299684	103170
1.4	131.10356448088388	0.255151515151515	0.384203206817497	0.06357946520266501	104311
1.4	131.10356448088388	0.2648484848484847	0.3842032069267966	0.06357946519171466	105422
1.4	131.10356448088388	0.2745454545454544	0.3842032071420835	0.06357946517014582	106504
1.4	131.10356448088388	0.284242424242424	0.37119962623222896	0.10982748009425611	107559
1.4	131.10356448088388	0.2939393939393938	0.37119962642107107	0.10982747901050385	108589
1.4	131.10356448088388	0.3036363636363634	0.37119962644205357	0.10982747889008689	109594
1.4	131.10356448088388	0.3133333333333331	0.37119962629517633	0.10982747973300544	110577
1.4	148.19523427659504	0.2260606060606059	0.3709779830769028	0.04194055275633096	102375
1.4	148.19523427659504	0.2357575757575756	0.37097795164621455	0.0419404678030222	103603
1.4	148.19523427659504	0.2454545454545453	0.37097791794107804	0.04194037670215763	104796
1.4	148.19523427659504	0.255151515151515	0.3709778819727077	0.041940279484048715	105955
1.4	148.19523427659504	0.2648484848484847	0.37097784375299	0.04194017618082288	107084
1.4	148.19523427659504	0.2745454545454544	0.37097780329446417	0.041940066826372455	108183
1.4	148.19523427659504	0.284242424242424	0.3709777606103029	0.04193995145630145	109255
1.4	148.19523427659504	0.2939393939393938	0.3709777157142917	0.041939830107870356	110300
1.4	148.19523427659504	0.3036363636363634	0.37097766862080783	0.04193970281993919	111322
1.4	148.19523427659504	0.3133333333333331	0.37097761934479867	0.04193956963290897	112320
1.4	167.51510570482716	0.2260606060606059	0.37058194024062185	0.04087009737420391	103963
1.4	167.51510570482716	0.2357575757575756	0.3705819386993049	0.040870093208212555	105211
1.4	167.51510570482716	0.2454545454545453	0.37058193704382264	0.04087008873364641	106422
1.4	167.51510570482716	0.255151515151515	0.3705819352741765	0.04087008395050918	107600
1.4	167.51510570482716	0.2648484848484847	0.3705819333903679	0.040870078858804774	108745
1.4	167.51510570482716	0.2745454545454544	0.3705819313923984	0.040870073458537395	109862
1.4	167.51510570482716	0.284242424242424	0.3705819292802696	0.040870067749711476	110950
1.4	167.51510570482716	0.2939393939393938	0.37058192705398335	0.040870061732331715	112012
1.4	167.51510570482716	0.3036363636363634	0.37058192471354134	0.040870055406403066	113049
1.4	167.51510570482716	0.3133333333333331	0.3705819222589456	0.04087004877193072	114063
1.4	189.3536642813032	0.2260606060606059	0.3700909223047972	0.039542935905863164	105552
1.4	189.3536642813032	0.2357575757575756	0.3700909215974645	0.03954293399402929	106819
1.4	189.3536642813032	0.2454545454545453	0.37009092083773737	0.039542931940579756	108048
1.4	189.3536642813032	0.255151515151515	0.37009092002561594	0.03954292974551491	109244
1.4	189.3536642813032	0.2648484848484847	0.37009091916110043	0.03954292740883514	110407
1.4	189.3536642813032	0.2745454545454544	0.37009091824419094	0.03954292493054084	111541
1.4	189.3536642813032	0.284242424242424	0.37009091727488763	0.039542922310632445	112646
1.4	189.3536642813032	0.2939393939393938	0.3700909162531907	0.03954291954911041	113724
1.4	189.3536642813032	0.3036363636363634	0.37009091517910025	0.039542916645975215	114777
1.4	189.3536642813032	0.3133333333333331	0.3700909140526165	0.039542913601227365	115806
1.4500000000000002	115.51755154456384	0.2339999999999999	0.38441220850257507	0.06355852604169618	92455
1.4500000000000002	115.51755154456384	0.2435714285714286	0.3844122084502028	0.06355852604694318	93506
1.4500000000000002	115.51755154456384	0.2531428571428572	0.38441220844253043	0.06355852604771185	94528
1.4500000000000002	115.51755154456384	0.2627142857142857	0.384412208479558	0.0635585260440022	95523
1.4500000000000002	115.51755154456384	0.2722857142857143	0.3844122085612854	0.0635585260358142	96491
1.4500000000000002	115.51755154456384	0.2818571428571429	0.3708686160877399	0.1117271250311347	97436
1.4500000000000002	115.51755154456384	0.2914285714285715	0.37086861618653494	0.1117271244641567	98358
1.4500000000000002	115.51755154456384	0.301	0.37086861621453565	0.11172712430346238	99259
1.4500000000000002	115.51755154456384	0.3105714285714286	0.3708686161717421	0.1117271245490518	100139
1.4500000000000002	115.51755154456384	0.3201428571428572	0.37086861605815424	0.11172712520092488	100999
1.4500000000000002	130.5510514590151	0.2339999999999999	0.38421062238612547	0.06357872226231442	93909
1.4500000000000002	130.5510514590151	0.2435714285714286	0.38421062227051456	0.06357872227389709	94977
1.4500000000000002	130.5510514590151	0.2531428571428572	0.3842106222535779	0.06357872227559391	96015
1.4500000000000002	130.5510514590151	0.2627142857142857	0.38421062233531555	0.0635787222674049	97025
1.4500000000000002	130.5510514590151	0.2722857142857143	0.38421062251572746	0.06357872224933005	98009
1.4500000000000002	130.5510514590151	0.2818571428571429	0.3711878818227377	0.10989488046973751	98968
1.4500000000000002	130.5510514590151	0.2914285714285715	0.3711878820408261	0.1098948792181429	99905
1.4500000000000002	130.5510514590151	0.301	0.37118788210263726	0.10989487886341269	100819
1.4500000000000002	130.5510514590151	0.3105714285714286	0.37118788200817115	0.1098948794055475	101713
1.4500000000000002	130.5510514590151	0.3201428571428572	0.37118788175742784	0.10989488084454639	102588
1.4500000000000002	147.54101700709464	0.2339999999999999	0.3709639248208113	0.04190255500831529	95363
1.4500000000000002	147.54101700709464	0.2435714285714286	0.3709639053370097	0.041902502345980856	96447
1.4500000000000002	147.54101700709464	0.2531428571428572	0.3709638845216638	0.04190244608464488	97501
1.4500000000000002	147.54101700709464	0.2627142857142857	0.37096386237718176	0.041902386230816525	98527
1.4500000000000002	147.54101700709464	0.2722857142857143	0.37096383890611934	0.04190232279140341	99526
1.4500000000000002	147.54101700709464	0.2818571428571429	0.37096381411117807	0.041902255773707604	100501
1.4500000000000002	147.54101700709464	0.2914285714285715	0.370963787995204	0.04190218518542157	101452
1.4500000000000002	147.54101700709464	0.301	0.37096376056118596	0.041902111034623754	102380
1.4500000000000002	147.54101700709464	0.3105714285714286	0.3709637318122539	0.0419020333297741	103288
1.4500000000000002	147.54101700709464	0.3201428571428572	0.3709637017516772	0.04190195207970932	104176
1.4500000000000002	166.74206340131775	0.2339999999999999	0.370599290477659	0.04091699294437008	96817
1.4500000000000002	166.74206340131775	0.2435714285714286	0.37059928879464027	0.04091698839537607	97918
1.4500000000000002	166.74206340131775	0.2531428571428572	0.37059928699555905	0.04091698353267953	98988
1.4500000000000002	166.74206340131775	0.2627142857142857	0.37059928508041706	0.04091697835628473	100029
1.4500000000000002	166.74206340131775	0.2722857142857143	0.37059928304921586	0.04091697286619617	101044
1.4500000000000002	166.74206340131775	0.2818571428571429	0.37059928090195726	0.04091696706241865	102033
1.4500000000000002	166.74206340131775	0.2914285714285715	0.37059927863864317	0.04091696094495723	102998
1.4500000000000002	166.74206340131775	0.301	0.3705992762592755	0.040916954513817244	103941
1.4500000000000002	166.74206340131775	0.3105714285714286	0.3705992737638564	0.04091694776900431	104863
1.4500000000000002	166.74206340131775	0.3201428571428572	0.37059927115238794	0.04091694071052429	105764
1.4500000000000002	188.4419415788092	0.2339999999999999	0.3701114100462001	0.039598311766864146	98271
1.4500000000000002	188.4419415788092	0.2435714285714286	0.3701114092889195	0.03959830972002746	99388
1.4500000000000002	188.4419415788092	0.2531428571428572	0.3701114084794135	0.03959830753203156	100474
1.4500000000000002	188.4419415788092	0.2627142857142857	0.3701114076176821	0.03959830520287681	101531
1.4500000000000002	188.4419415788092	0.2722857142857143	0.3701114067037254	0.03959830273256366	102561
1.4500000000000002	188.4419415788092	0.2818571428571429	0.37011140573754364	0.039598300121092514	103565
1.4500000000000002	188.4419415788092	0.2914285714285715	0.370111404719137	0.03959829736846385	104545
1.4500000000000002	188.4419415788092	0.301	0.37011140364850564	0.03959829447467814	105502
1.4500000000000002	188.4419415788092	0.3105714285714286	0.3701114025256498	0.039598291439735915	106438
1.4500000000000002	188.4419415788092	0.3201428571428572	0.3701114013505696	0.0395982882636377	107353
1.5000000000000002	115.09381198485028	0.2324324324324325	0.38441789480213556	0.06355795635087398	85557
1.5000000000000002	115.09381198485028	0.241891891891892	0.3844178947437828	0.06355795635672014	86518
1.5000000000000002	115.09381198485028	0.2513513513513515	0.3844178947284268	0.0635579563582586	87453
1.5000000000000002	115.09381198485028	0.260810810810811	0.3844178947560676	0.06355795635548937	88362
1.5000000000000002	115.09381198485028	0.2702702702702704	0.38441789482670513	0.06355795634841244	89248
1.5000000000000002	115.09381198485028	0.2797297297297299	0.37085961029418485	0.11177880867411145	90112
1.5000000000000002	115.09381198485028	0.2891891891891893	0.37085961040605836	0.11177880803207671	90955
1.5000000000000002	115.09381198485028	0.2986486486486488	0.370859610449835	0.11177880778084569	91778
1.5000000000000002	115.09381198485028	0.3081081081081083	0.37085961042551463	0.11177880792041847	92583
1.5000000000000002	115.09381198485028	0.3175675675675677	0.3708596103330974	0.11177880845079503	93370
1.5000000000000002	130.04826817088951	0.2324324324324325	0.384217373105497	0.06357804593092732	86879
1.5000000000000002	130.04826817088951	0.241891891891892	0.38421737297978015	0.06357804594352245	87855
1.5000000000000002	130.04826817088951	0.2513513513513515	0.3842173729466968	0.06357804594683697	88803
1.5000000000000002	130.04826817088951	0.260810810810811	0.38421737300624687	0.06357804594087084	89727
1.5000000000000002	130.04826817088951	0.2702702702702704	0.38421737315843035	0.0635780459256241	90626
1.5000000000000002	130.04826817088951	0.2797297297297299	0.3711771902236805	0.10995623883700893	91504
1.5000000000000002	130.04826817088951	0.2891891891891893	0.3711771904647039	0.10995623745379195	92360
1.5000000000000002	130.04826817088951	0.2986486486486488	0.37117719055901743	0.1099562369125328	93196
1.5000000000000002	130.04826817088951	0.3081081081081083	0.371177190506621	0.10995623721323235	94013
1.5000000000000002	130.04826817088951	0.3175675675675677	0.3711771903075147	0.10995623835589012	94812
1.5000000000000002	146.94579806318126	0.2324324324324325	0.3709507555729209	0.04186696014081244	88201
1.5000000000000002	146.94579806318126	0.241891891891892	0.37095074180175874	0.0418669229190443	89191
1.5000000000000002	146.94579806318126	0.2513513513513515	0.3709507270852613	0.04186688314215031	90154
1.5000000000000002	146.94579806318126	0.260810810810811	0.37095071142430386	0.04186684081249651	91092
1.5000000000000002	146.94579806318126	0.2702702702702704	0.37095069481981685	0.04186679593259755	92005
1.5000000000000002	146.94579806318126	0.2797297297297299	0.37095067727278536	0.041866748505116	92896
1.5000000000000002	146.94579806318126	0.2891891891891893	0.3709506587842489	0.04186669853286151	93765
1.5000000000000002	146.94579806318126	0.2986486486486488	0.37095063935530104	0.04186664601879006	94613
1.5000000000000002	146.94579806318126	0.3081081081081083	0.37095061898708925	0.041866590966003016	95443
1.5000000000000002	146.94579806318126	0.3175675675675677	0.37095059768081445	0.04186653337774628	96255
1.5000000000000002	166.03887058342812	0.2324324324324325	0.3706150661015825	0.04095963252773923	89522
1.5000000000000002	166.03887058342812	0.241891891891892	0.3706150643900571	0.0409596279016952	90528
1.5000000000000002	166.03887058342812	0.2513513513513515	0.3706150625605039	0.04095962295663649	91505
1.5000000000000002	166.03887058342812	0.260810810810811	0.3706150606129246	0.04095961769256768	92457
1.5000000000000002	166.03887058342812	0.2702702702702704	0.370615058547321	0.040959612109493615	93384
1.5000000000000002	166.03887058342812	0.2797297297297299	0.370615056363695	0.04095960620741945	94288
1.5000000000000002	166.03887058342812	0.2891891891891893	0.37061505406204864	0.04095959998635065	95170
1.5000000000000002	166.03887058342812	0.2986486486486488	0.37061505164238406	0.04095959344629296	96031
1.5000000000000002	166.03887058342812	0.3081081081081083	0.37061504910470344	0.04095958658725242	96873
1.5000000000000002	166.03887058342812	0.3175675675675677	0.37061504644900917	0.04095957940923536	97697
1.5000000000000002	187.61275863612488	0.2324324324324325	0.3701300405238144	0.03964866767083936	90844
1.5000000000000002	187.61275863612488	0.241891891891892	0.37013003976827835	0.03964866562871791	91864
1.5000000000000002	187.61275863612488	0.2513513513513515	0.3701300389606372	0.039648663445762455	92856
1.5000000000000002	187.61275863612488	0.260810810810811	0.3701300381008909	0.039648661121973405	93822
1.5000000000000002	187.61275863612488	0.2702702702702704	0.37013003718903975	0.03964865865735116	94762
1.5000000000000002	187.61275863612488	0.2797297297297299	0.37013003622508384	0.03964865605189618	95680
1.5000000000000002	187.61275863612488	0.2891891891891893	0.3701300352090234	0.03964865330560892	96575
1.5000000000000002	187.61275863612488	0.2986486486486488	0.37013003414085854	0.03964865041848988	97449
1.5000000000000002	187.61275863612488	0.3081081081081083	0.3701300330205895	0.03964864739053958	98304
1.5000000000000002	187.61275863612488	0.3175675675675677	0.37013003184821647	0.039648644221758574	99139
1.55	114.70873606665988	0.2344736842105262	0.33263554894384967	0.08774022688062241	79387
1.55	114.70873606665988	0.2440789473684209	0.3326355493860379	0.08774022665583082	80278
1.55	114.70873606665988	0.2536842105263157	0.3326355494321557	0.0877402266323863	81144
1.55	114.70873606665988	0.2632894736842104	0.332635549082203	0.08774022681028885	81986
1.55	114.70873606665988	0.2728947368421051	0.33263554833618003	0.0877402271895384	82807
1.55	114.70873606665988	0.2824999999999998	0.33263554719408694	0.08774022777013481	83607
1.55	114.70873606665988	0.2921052631578946	0.33263554565592424	0.08774022855207789	84388
1.55	114.70873606665988	0.3017105263157893	0.3326355437216924	0.08774022953536732	85150
1.55	114.70873606665988	0.311315789473684	0.3326355413913922	0.0877402307200028	85896
1.55	114.70873606665988	0.3209210526315787	0.3326355386650244	0.08774023210598385	86624
1.55	129.5914410372836	0.2344736842105262	0.3842235094671314	0.06357743114993175	80592
1.55	129.5914410372836	0.2440789473684209	0.38422350936413774	0.06357743116025034	81496
1.55	129.5914410372836	0.2536842105263157	0.3842235093533961	0.06357743116132651	82375
1.55	129.5914410372836	0.2632894736842104	0.3842235094349064	0.06357743115316027	83231
1.55	129.5914410372836	0.2728947368421051	0.38422350960866863	0.06357743113575164	84064
1.55	129.5914410372836	0.2824999999999998	0.3711674716787926	0.11001201291190495	84876
1.55	129.5914410372836	0.2921052631578946	0.3711674718719325	0.11001201180348837	85669
1.55	129.5914410372836	0.3017105263157893	0.37116747191896654	0.11001201153356296	86443
1.55	129.5914410372836	0.311315789473684	0.3711674718198948	0.11001201210212917	87199
1.55	129.5914410372836	0.3209210526315787	0.3711674715747173	0.11001201350918612	87939
1.55	146.40507921175603	0.2344736842105262	0.3709386655693175	0.041834282338712205	81797
1.55	146.40507921175603	0.2440789473684209	0.3709386542441126	0.041834251728067595	82715
1.55	146.40507921175603	0.2536842105263157	0.370938642140233	0.041834219012760375	83607
1.55	146.40507921175603	0.2632894736842104	0.3709386292581518	0.041834184194069396	84475
1.55	146.40507921175603	0.2728947368421051	0.3709386155983722	0.04183414727335456	85321
1.55	146.40507921175603	0.2824999999999998	0.3709386011614272	0.041834108252056634	86145
1.55	146.40507921175603	0.2921052631578946	0.37093858594787954	0.041834067131696885	86950
1.55	146.40507921175603	0.3017105263157893	0.3709385699583219	0.04183402391387684	87736
1.55	146.40507921175603	0.311315789473684	0.3709385531933764	0.04183397860027797	88503
1.55	146.40507921175603	0.3209210526315787	0.3709385356536944	0.04183393119266132	89254
1.55	165.4001764887686	0.2344736842105262	0.3706293849676456	0.04099833467265639	83002
1.55	165.4001764887686	0.2440789473684209	0.37062938313447547	0.04099832971782161	83933
1.55	165.4001764887686	0.2536842105263157	0.3706293811748899	0.0409983244213013	84839
1.55	165.4001764887686	0.2632894736842104	0.3706293790888909	0.040998318783100916	85720
1.55	165.4001764887686	0.2728947368421051	0.37062937687648057	0.040998312803226244	86578
1.55	165.4001764887686	0.2824999999999998	0.3706293745376612	0.04099830648168343	87415
1.55	165.4001764887686	0.2921052631578946	0.3706293720724353	0.04099829981847897	88231
1.55	165.4001764887686	0.3017105263157893	0.3706293694808052	0.04099829281361971	89028
1.55	165.4001764887686	0.311315789473684	0.37062936676277375	0.040998285467112865	89807
1.55	165.4001764887686	0.3209210526315787	0.37062936391834367	0.04099827777896596	90569
1.55	186.8597628566364	0.2344736842105262	0.37014695556569965	0.039694386961699545	84207
1.55	186.8597628566364	0.2440789473684209	0.37014695477121706	0.039694384814310216	85152
1.55	186.8597628566364	0.2536842105263157	0.3701469539219434	0.03969438251882729	86070
1.55	186.8597628566364	0.2632894736842104	0.3701469530178788	0.0396943800752512	86964
1.55	186.8597628566364	0.2728947368421051	0.3701469520590235	0.03969437748358243	87835
1.55	186.8597628566364	0.2824999999999998	0.3701469510453776	0.039694374743821474	88684
1.55	186.8597628566364	0.2921052631578946	0.3701469499769413	0.03969437185596886	89512
1.55	186.8597628566364	0.3017105263157893	0.3701469488537149	0.039694368820025146	90321
1.55	186.8597628566364	0.311315789473684	0.37014694767569856	0.03969436563599092	91111
1.55	186.8597628566364	0.3209210526315787	0.3701469464428925	0.039694362303866804	91884
1.6	114.35950717960834	0.2338845360459197	0.33267696516855	0.08771917245677642	53017
1.6	114.35950717960834	0.2434477171920568	0.33267696563977056	0.08771917221722593	53607
1.6	114.35950717960834	0.2530108983381939	0.3326769657133894	0.08771917217980092	54180
1.6	114.35950717960834	0.262574079484331	0.3326769653894065	0.08771917234450143	54737
1.6	114.35950717960834	0.2721372606304681	0.33267696466782204	0.08771917271132737	55281
1.6	114.35950717960834	0.2817004417766053	0.3326769635486362	0.08771917328027863	55810
1.6	114.35950717960834	0.2912636229227424	0.3326769620318494	0.08771917405135499	56327
1.6	114.35950717960834	0.3008268040688795	0.33267696011746223	0.08771917502455616	56831
1.6	114.35950717960834	0.3103899852150166	0.3326769578054754	0.08771917619988179	57324
1.6	114.35950717960834	0.3199531663611537	0.3326769550958898	0.08771917757733146	57806
1.6	129.17720660530398	0.2338845360459197	0.3842290765795439	0.06357687340006053	53808
1.6	129.17720660530398	0.2434477171920568	0.384229076474421	0.06357687341059244	54406
1.6	129.17720660530398	0.2530108983381939	0.38422907645799764	0.06357687341223785	54988
1.6	129.17720660530398	0.262574079484331	0.3842290765302738	0.06357687340499674	55554
1.6	129.17720660530398	0.2721372606304681	0.38422907669124956	0.06357687338886914	56105
1.6	129.17720660530398	0.2817004417766053	0.3711586546546315	0.11006261322003726	56643
1.6	129.17720660530398	0.2912636229227424	0.37115865485320537	0.11006261208043498	57167
1.6	129.17720660530398	0.3008268040688795	0.37115865491129973	0.11006261174703534	57679
1.6	129.17720660530398	0.3103899852150166	0.37115865482891447	0.11006261221983879	58179
1.6	129.17720660530398	0.3199531663611537	0.37115865460604974	0.11006261349884468	58669
1.6	145.91485323683554	0.2338845360459197	0.3840829690481253	0.0635915114117971	54599
1.6	145.91485323683554	0.2434477171920568	0.3840829685521191	0.06359151146149025	55206
1.6	145.91485323683554	0.2530108983381939	0.3840829684746275	0.06359151146925388	55797
1.6	145.91485323683554	0.262574079484331	0.3840829688156528	0.06359151143508772	56371
1.6	145.91485323683554	0.2721372606304681	0.38408296957518423	0.06359151135899288	56930
1.6	145.91485323683554	0.2817004417766053	0.37139005496604305	0.10873462240983515	57475
1.6	145.91485323683554	0.2912636229227424	0.3713900559029803	0.1087346170328154	58008
1.6	145.91485323683554	0.3008268040688795	0.37139005617709125	0.10873461545971118	58527
1.6	145.91485323683554	0.3103899852150166	0.37139005578836715	0.10873461769057273	59035
1.6	145.91485323683554	0.3199531663611537	0.37139005473682035	0.10873462372532881	59531
1.6	164.821216951854	0.2338845360459197	0.37064235506362214	0.041033391256876425	55390
1.6	164.821216951854	0.2434477171920568	0.3706423531802826	0.04103338616643984	56006
1.6	164.821216951854	0.2530108983381939	0.3706423511670686	0.041033380724968434	56605
1.6	164.821216951854	0.262574079484331	0.37064234902398235	0.04103337493246817	57188
1.6	164.821216951854	0.2721372606304681	0.37064234675102614	0.04103336878894538	57755
1.6	164.821216951854	0.2817004417766053	0.37064234434820253	0.041033362294406794	58308
1.6	164.821216951854	0.2912636229227424	0.3706423418155141	0.04103335544885951	58848
1.6	164.821216951854	0.3008268040688795	0.37064233915296363	0.04103334825231103	59375
1.6	164.821216951854	0.3103899852150166	0.37064233636055405	0.04103334070476922	59890
1.6	164.821216951854	0.3199531663611537	0.3706423334382884	0.041033332806242336	60394
1.6	186.1773010414281	0.2338845360459197	0.37016228274966007	0.039735814466656694	56181
1.6	186.1773010414281	0.2434477171920568	0.3701622819476869	0.03973581229902127	56806
1.6	186.1773010414281	0.2530108983381939	0.3701622810904061	0.03973580998189605	57413
1.6	186.1773010414281	0.262574079484331	0.3701622801778178	0.03973580751528148	58004
1.6	186.1773010414281	0.2721372606304681	0.3701622792099223	0.03973580489917807	58580
1.6	186.1773010414281	0.2817004417766053	0.3701622781867196	0.03973580213358633	59141
1.6	186.1773010414281	0.2912636229227424	0.37016227710821004	0.03973579921850681	59688
1.6	186.1773010414281	0.3008268040688795	0.37016227597439383	0.03973579615394008	60223
1.6	186.1773010414281	0.3103899852150166	0.3701622747852711	0.03973579293988676	60745
1.6	186.1773010414281	0.3199531663611537	0.3701622735408422	0.03973578957634748	61256
1.65	114.03368917733864	0.2330777780421886	0.332715582418429	0.08769954092462685	49381
1.65	114.03368917733864	0.2425833336166306	0.33271558292737724	0.08769954066589707	49925
1.65	114.03368917733864	0.2520888891910727	0.3327155830387859	0.08769954060926116	50454
1.65	114.03368917733864	0.2615944447655147	0.33271558275265495	0.08769954075471917	50968
1.65	114.03368917733864	0.2711000003399568	0.33271558206898455	0.08769954110227104	51469
1.65	114.03368917733864	0.2806055559143988	0.33271558098777493	0.08769954165191664	51957
1.65	114.03368917733864	0.2901111114888408	0.3327155795090265	0.08769954240365577	52434
1.65	114.03368917733864	0.2996166670632829	0.3327155776327398	0.08769954335748813	52899
1.65	114.03368917733864	0.3091222226377249	0.3327155753589155	0.08769954451341339	53354
1.65	114.03368917733864	0.318627778212167	0.33271557268755453	0.08769954587143111	53798
1.65	128.790797788822	0.2330777780421886	0.3842342723108043	0.06357635285759136	50106
1.65	128.790797788822	0.2425833336166306	0.38423427220166995	0.06357635286852516	50658
1.65	128.790797788822	0.2520888891910727	0.38423427217778044	0.06357635287091856	51194
1.65	128.790797788822	0.2615944447655147	0.38423427223913587	0.06357635286477158	51716
1.65	128.790797788822	0.2711000003399568	0.3842342723857361	0.0635763528500842	52224
1.65	128.790797788822	0.2806055559143988	0.371150425809062	0.11010983801082601	52720
1.65	128.790797788822	0.2901111114888408	0.37115042601701875	0.11010983681737614	53203
1.65	128.790797788822	0.2996166670632829	0.3711504260899674	0.11010983639872887	53675
1.65	128.790797788822	0.3091222226377249	0.37115042602790776	0.11010983675488478	54136
1.65	128.790797788822	0.318627778212167	0.37115042583084	0.11010983788584337	54587
1.65	145.45762497682605	0.2330777780421886	0.3840769640391351	0.06359211303302238	50830
1.65	145.45762497682605	0.2425833336166306	0.38407696341427683	0.06359211309562479	51390
1.65	145.45762497682605	0.2520888891910727	0.3840769632774939	0.06359211310932861	51934
1.65	145.45762497682605	0.2615944447655147	0.3840769636287924	0.06359211307413322	52464
1.65	145.45762497682605	0.2711000003399568	0.38407696446815687	0.06359211299004017	52979
1.65	145.45762497682605	0.2806055559143988	0.3713995653992937	0.1086800426736161	53482
1.65	145.45762497682605	0.2901111114888408	0.3713995665899617	0.10868003584045241	53972
1.65	145.45762497682605	0.2996166670632829	0.3713995670076393	0.10868003344342873	54451
1.65	145.45762497682605	0.3091222226377249	0.3713995666523081	0.10868003548265052	54919
1.65	145.45762497682605	0.318627778212167	0.3713995655239838	0.10868004195802809	55377
1.65	164.28130757130282	0.2330777780421886	0.37065444054545776	0.04106605683719095	51555
1.65	164.28130757130282	0.2425833336166306	0.3706544386193667	0.04106605163120223	52123
1.65	164.28130757130282	0.2520888891910727	0.3706544365604537	0.04106604606621204	52674
1.65	164.28130757130282	0.2615944447655147	0.37065443436872114	0.041066040142226826	53211
1.65	164.28130757130282	0.2711000003399568	0.3706544320441716	0.041066033859253455	53734
1.65	164.28130757130282	0.2806055559143988	0.3706544295868077	0.041066027217299204	54244
1.65	164.28130757130282	0.2901111114888408	0.37065442699663237	0.04106602021637177	54742
1.65	164.28130757130282	0.2996166670632829	0.37065442427364853	0.04106601285647926	55227
1.65	164.28130757130282	0.3091222226377249	0.37065442141785937	0.0410660051376302	55702
1.65	164.28130757130282	0.318627778212167	0.37065441842926816	0.04106599705983353	56166
1.65	185.54096439864688	0.2330777780421886	0.370176570668989	0.03977443296633386	52279
1.65	185.54096439864688	0.2425833336166306	0.3701765698628764	0.039774430787509994	52855
1.65	185.54096439864688	0.2520888891910727	0.3701765690011707	0.039774428458424785	53415
1.65	185.54096439864688	0.2615944447655147	0.37017656808387206	0.039774425979078695	53959
1.65	185.54096439864688	0.2711000003399568	0.3701765671109807	0.03977442334947223	54489
1.65	185.54096439864688	0.2806055559143988	0.37017656608249677	0.03977442056960593	55006
1.65	185.54096439864688	0.2901111114888408	0.37017656499842055	0.03977441763948034	55511
1.65	185.54096439864688	0.2996166670632829	0.3701765638587522	0.039774414559096076	56003
1.65	185.54096439864688	0.3091222226377249	0.37017656266349197	0.03977441132845375	56485
1.65	185.54096439864688	0.318627778212167	0.37017656141264005	0.039774407947554026	56955
1.7000000000000002	184.96657361498825	0.3267503200659271	0.37018945299165407	0.03980925231002051	53490
1.7000000000000002	184.96657361498825	0.3361982500686741	0.370189451624638	0.03980924861514317	53907
1.7000000000000002	184.96657361498825	0.3456461800714211	0.3701894502018278	0.039809244769461134	54314
1.7000000000000002	184.96657361498825	0.355094110074168	0.3701894487232238	0.0398092407729752	54714
1.7000000000000002	184.96657361498825	0.3645420400769149	0.37018944718882624	0.03980923662568621	55107
1.7000000000000002	184.96657361498825	0.373989970079662	0.37018944559863554	0.03980923232759501	55491
1.7000000000000002	208.8761258462974	0.3267503200659271	0.47220382007929407	0.04107329391724464	54220
1.7000000000000002	208.8761258462974	0.3361982500686741	0.472203818257682	0.0410732943677925	54642
1.7000000000000002	208.8761258462974	0.3456461800714211	0.4722038173650737	0.0410732945885655	55055
1.7000000000000002	208.8761258462974	0.355094110074168	0.47220381740146966	0.04107329457956352	55461
1.7000000000000002	208.8761258462974	0.3645420400769149	0.4722038183668698	0.04107329434078656	55858
1.7000000000000002	208.8761258462974	0.373989970079662	0.4722038202612737	0.04107329387223476	56248
1.7000000000000002	235.87632671064893	0.3267503200659271	0.4675736393867448	0.04221849824317074	54950
1.7000000000000002	235.87632671064893	0.3361982500686741	0.4675736285516977	0.0422185009230538	55377
1.7000000000000002	235.87632671064893	0.3456461800714211	0.46757362324237084	0.04221850223623454	55797
1.7000000000000002	235.87632671064893	0.355094110074168	0.4675736234588583	0.04221850218268968	56207
1.7000000000000002	235.87632671064893	0.3645420400769149	0.4675736292011562	0.042218500762420175	56610
1.7000000000000002	235.87632671064893	0.373989970079662	0.4675736404691629	0.04221849797545119	57006
1.7000000000000002	266.3666863653437	0.3267503200659271	0.47490959557747514	0.04040406176168577	55680
1.7000000000000002	266.3666863653437	0.3361982500686741	0.4749095943517336	0.04040406206485418	56113
1.7000000000000002	266.3666863653437	0.3456461800714211	0.4749095937511079	0.04040406221340974	56538
1.7000000000000002	266.3666863653437	0.355094110074168	0.4749095937755983	0.04040406220735242	56954
1.7000000000000002	266.3666863653437	0.3645420400769149	0.47490959442520475	0.040404062046682204	57362
1.7000000000000002	266.3666863653437	0.373989970079662	0.47490959569992713	0.04040406173139914	57763
1.7000000000000002	300.7983573200619	0.3267503200659271	0.48319648083771405	0.03835442752953795	56743
1.7000000000000002	300.7983573200619	0.3361982500686741	0.48319648022540457	0.03835442768098332	57181
1.7000000000000002	300.7983573200619	0.3456461800714211	0.48319647992536685	0.03835442775519307	57611
1.7000000000000002	300.7983573200619	0.355094110074168	0.48319647993760084	0.03835442775216718	58032
1.7000000000000002	300.7983573200619	0.3645420400769149	0.48319648026210654	0.03835442767190565	58445
1.7000000000000002	300.7983573200619	0.373989970079662	0.483196480898884	0.038354427514408505	58851
1.7500000000000002	208.26847962181287	0.3253673063452452	0.472349917722709	0.04103715890127957	50603
1.7500000000000002	208.26847962181287	0.3347576107762971	0.4723499158240674	0.04103715937087951	50993
1.7500000000000002	208.26847962181287	0.344147915207349	0.47234991481965927	0.041037159619304486	51376
1.7500000000000002	208.26847962181287	0.3535382196384009	0.4723499147094852	0.04103715964655437	51751
1.7500000000000002	208.26847962181287	0.3629285240694528	0.4723499154935451	0.04103715945262915	52118
1.7500000000000002	208.26847962181287	0.3723188285005046	0.47234991717183866	0.04103715903752892	52479
1.7500000000000002	235.16272743149003	0.3253673063452452	0.46740148050746666	0.04226107910693987	51274
1.7500000000000002	235.16272743149003	0.3347576107762971	0.467401466304815	0.04226108261974838	51669
1.7500000000000002	235.16272743149003	0.344147915207349	0.4674014587913076	0.042261084478099425	52057
1.7500000000000002	235.16272743149003	0.3535382196384009	0.4674014579671421	0.042261084681944144	52437
1.7500000000000002	235.16272743149003	0.3629285240694528	0.4674014638323401	0.04226108323127719	52809
1.7500000000000002	235.16272743149003	0.3723188285005046	0.4674014763867475	0.04226108012613669	53175
1.7500000000000002	265.52989906795915	0.3253673063452452	0.4747081063511918	0.04045389703786375	52138
1.7500000000000002	265.52989906795915	0.3347576107762971	0.47470810500734917	0.04045389737024266	52539
1.7500000000000002	265.52989906795915	0.344147915207349	0.4747081042964376	0.04045389754607576	52931
1.7500000000000002	265.52989906795915	0.3535382196384009	0.47470810421845727	0.04045389756536299	53315
1.7500000000000002	265.52989906795915	0.3629285240694528	0.47470810477340825	0.04045389742810436	53692
1.7500000000000002	265.52989906795915	0.3723188285005046	0.47470810596129037	0.04045389713429991	54062
1.7500000000000002	299.8184621735228	0.3253673063452452	0.4829605924470741	0.03841277091251462	53231
1.7500000000000002	299.8184621735228	0.3347576107762971	0.4829605917826553	0.03841277107684844	53636
1.7500000000000002	299.8184621735228	0.344147915207349	0.48296059143116854	0.03841277116378332	54032
1.7500000000000002	299.8184621735228	0.3535382196384009	0.4829605913926137	0.03841277117331926	54421
1.7500000000000002	299.8184621735228	0.3629285240694528	0.48296059166699096	0.03841277110545625	54802
1.7500000000000002	299.8184621735228	0.3723188285005046	0.48296059225430016	0.038412770960194305	55176
1.8	207.7244692375384	0.3333169714839202	0.4724807302732589	0.04100480441908491	47678
1.8	207.7244692375384	0.342649650343277	0.4724807291614013	0.041004804694085864	48032
1.8	207.7244692375384	0.3519823292026338	0.47248072891306026	0.04100480475550923	48379
1.8	207.7244692375384	0.3613150080619906	0.4724807295282358	0.041004804603354976	48720
1.8	207.7244692375384	0.3706476869213473	0.4724807310069276	0.04100480423762318	49054
1.8	234.5239305853984	0.3333169714839202	0.4672472543625196	0.04229922458334611	48376
1.8	234.5239305853984	0.342649650343277	0.46724724370170473	0.042299227220135495	48734
1.8	234.5239305853984	0.3519823292026338	0.4672472413205129	0.042299227809086855	49086
1.8	234.5239305853984	0.3613150080619906	0.4672472472190411	0.04229922635017619	49431
1.8	234.5239305853984	0.3706476869213473	0.4672472613970489	0.04229922284346296	49769
1.8	264.7809101118901	0.3333169714839202	0.4745277604229432	0.04049850284288683	49387
1.8	264.7809101118901	0.342649650343277	0.474527759599557	0.04049850304653879	49749
1.8	264.7809101118901	0.3519823292026338	0.47452775941564806	0.040498503092025864	50105
1.8	264.7809101118901	0.3613150080619906	0.4745277598712163	0.04049850297934803	50453
1.8	264.7809101118901	0.3706476869213473	0.47452776096626165	0.04049850270850532	50795
1.8	298.9414776764184	0.3333169714839202	0.4827494794991303	0.03846498646894708	50397
1.8	298.9414776764184	0.342649650343277	0.4827494790959164	0.03846498656867586	50763
1.8	298.9414776764184	0.3519823292026338	0.4827494790058558	0.03846498659095097	51122
1.8	298.9414776764184	0.3613150080619906	0.4827494792289485	0.03846498653577241	51474
1.8	298.9414776764184	0.3706476869213473	0.48274947976519444	0.03846498640314019	51820
1.85	207.24009256206884	0.3318763321915432	0.47259722174935015	0.04097599203546284	44656
1.85	207.24009256206884	0.341151385479205	0.4725972205334761	0.04097599233619068	44984
1.85	207.24009256206884	0.3504264387668667	0.4725972201538157	0.04097599243009386	45307
1.85	207.24009256206884	0.3597014920545284	0.47259722061036924	0.04097599231717234	45622
1.85	207.24009256206884	0.3689765453421901	0.4725972219031364	0.040975991997426166	45932
1.85	233.95521412513543	0.3318763321915432	0.46710986073067645	0.042333206795270306	45565
1.85	233.95521412513543	0.341151385479205	0.46710984537865596	0.04233321059235759	45897
1.85	233.95521412513543	0.3504264387668667	0.4671098405848394	0.04233321177803475	46223
1.85	233.95521412513543	0.3597014920545284	0.46710984634954844	0.0423332103522222	46542
1.85	233.95521412513543	0.3689765453421901	0.4671098626723962	0.04233320631501564	46856
1.85	264.1141563857617	0.3318763321915432	0.47436722324911923	0.04053820925569076	46498
1.85	264.1141563857617	0.341151385479205	0.47436722231167733	0.040538209487552664	46833
1.85	264.1141563857617	0.3504264387668667	0.47436722201895826	0.04053820955995224	47162
1.85	264.1141563857617	0.3597014920545284	0.4743672223709621	0.040538209472889476	47485
1.85	264.1141563857617	0.3689765453421901	0.47436722336768883	0.040538209226364384	47801
1.85	298.1608589670165	0.3318763321915432	0.4825615686372863	0.03851146334450802	47429
1.85	298.1608589670165	0.341151385479205	0.4825615681822527	0.0385114634570536	47768
1.85	298.1608589670165	0.3504264387668667	0.48256156804016714	0.03851146349219629	48100
1.85	298.1608589670165	0.3597014920545284	0.4825615682110295	0.038511463449936105	48426
1.85	298.1608589670165	0.3689765453421901	0.48256156869483985	0.03851146333027303	48745
1.9	206.81172188379583	0.3304356928991662	0.4727002610223033	0.040950506848390966	42118
1.9	206.81172188379583	0.3396531206151329	0.4727002597050996	0.04095050717418114	42423
1.9	206.81172188379583	0.3488705483310995	0.4727002591997145	0.04095050729918041	42722
1.9	206.81172188379583	0.3580879760470662	0.4727002595061482	0.04095050722338872	43015
1.9	206.81172188379583	0.3673054037630329	0.47270026062440057	0.04095050694680611	43303
1.9	233.4522997376952	0.3304356928991662	0.46698827518131963	0.04236327911994601	42981
1.9	233.4522997376952	0.3396531206151329	0.46698825239120706	0.04236328475673153	43289
1.9	233.4522997376952	0.3488705483310995	0.4669882436466978	0.04236328691955205	43591
1.9	233.4522997376952	0.3580879760470662	0.46698824894884355	0.04236328560814746	43887
1.9	233.4522997376952	0.3673054037630329	0.46698826829700657	0.04236328082267547	44177
1.9	263.52459984565724	0.3304356928991662	0.47422528236889033	0.04057331615990412	43842
1.9	263.52459984565724	0.3396531206151329	0.4742252813164364	0.0405733164202125	44153
1.9	263.52459984565724	0.3488705483310995	0.47422528091263055	0.040573316520087686	44458
1.9	263.52459984565724	0.3580879760470662	0.474225281157473	0.04057331645952966	44757
1.9	263.52459984565724	0.3673054037630329	0.4742252820509636	0.04057331623853844	45050
1.9	297.47068159894667	0.3304356928991662	0.4823954337213667	0.03855255427314168	44703
1.9	297.47068159894667	0.3396531206151329	0.4823954332146006	0.038552554398482514	45016
1.9	297.47068159894667	0.3488705483310995	0.48239543302016447	0.038552554446573316	45324
1.9	297.47068159894667	0.3580879760470662	0.48239543313805827	0.038552554417414085	45626
1.9	297.47068159894667	0.3673054037630329	0.4823954335682821	0.038552554311004815	45921
1.95	206.43606047425936	0.3289950536067893	0.47279063977133684	0.04092815304813182	39095
1.95	206.43606047425936	0.3381548557510609	0.47279063835487295	0.04092815339847248	39373
1.95	206.43606047425936	0.3473146578953324	0.47279063772833246	0.04092815355343768	39646
1.95	206.43606047425936	0.356474460039604	0.47279063789171555	0.04092815351302737	39913
1.95	206.43606047425936	0.3656342621838756	0.4727906388450222	0.040928153277241565	40176
1.95	206.43606047425936	0.3747940643281472	0.47279064058825204	0.04092815284608035	40433
1.95	233.0113012073573	0.3289950536067893	0.4668816257386037	0.04238965722725236	39879
1.95	233.0113012073573	0.3381548557510609	0.4668815899815311	0.04238966607121698	40160
1.95	233.0113012073573	0.3473146578953324	0.46688157416353415	0.042389669983556415	40435
1.95	233.0113012073573	0.356474460039604	0.46688157828849547	0.042389668963310374	40705
1.95	233.0113012073573	0.3656342621838756	0.4668816023554024	0.04238966301072931	40970
1.95	233.0113012073573	0.3747940643281472	0.46688164635834856	0.04238965212727407	41230
1.95	263.0076662265879	0.3289950536067893	0.4741008381249124	0.04060409553893991	40662
1.95	263.0076662265879	0.3381548557510609	0.474100836957123	0.04060409582777473	40946
1.95	263.0076662265879	0.3473146578953324	0.4741008364405781	0.040604095955534214	41224
1.95	263.0076662265879	0.356474460039604	0.47410083657527763	0.04060409592221835	41496
1.95	263.0076662265879	0.3656342621838756	0.4741008373612216	0.040604095727827125	41763
1.95	263.0076662265879	0.3747940643281472	0.47410083879840986	0.04060409537236061	42026
1.95	296.86556890388334	0.3289950536067893	0.48224978105419364	0.038588579231044	41445
1.95	296.86556890388334	0.3381548557510609	0.48224978049595507	0.03858857936911577	41731
1.95	296.86556890388334	0.3473146578953324	0.482249780249031	0.03858857943018866	42011
1.95	296.86556890388334	0.356474460039604	0.4822497803134214	0.03858857941426267	42285
1.95	296.86556890388334	0.3656342621838756	0.4822497806891264	0.0385885793213378	42555
1.95	296.86556890388334	0.3747940643281472	0.4822497813761458	0.03858857915141406	42819
2.0	206.1101051554335	0.3275544143144123	0.4728690794716712	0.040908752188832345	37054
2.0	206.1101051554335	0.3366565908869888	0.4728690779574968	0.04090875256334021	37313
2.0	206.1101051554335	0.3457587674595652	0.47286907721351895	0.04090875274735174	37567
2.0	206.1101051554335	0.3548609440321417	0.4728690772397379	0.040908752740866874	37816
2.0	206.1101051554335	0.3639631206047183	0.4728690780361538	0.04090875254388561	38060
2.0	206.1101051554335	0.3730652971772948	0.47286907960276614	0.04090875215640802	38300
2.0	232.628679934583	0.3275544143144123	0.4667892827911152	0.042412496841935814	37782
2.0	232.628679934583	0.3366565908869888	0.46678922046221183	0.04241251225803608	38043
2.0	232.628679934583	0.3457587674595652	0.4667891898279879	0.042412519834942486	38300
2.0	232.628679934583	0.3548609440321417	0.46678919090769344	0.04241251956789385	38551
2.0	232.628679934583	0.3639631206047183	0.4667892237006496	0.04241251145705805	38797
2.0	232.628679934583	0.3730652971772948	0.46678928818625126	0.04241249550753149	39039
2.0	262.55919226908406	0.3275544143144123	0.4739928895995665	0.04063079495445136	38509
2.0	262.55919226908406	0.3366565908869888	0.4739928883167505	0.040630795271736256	38773
2.0	262.55919226908406	0.3457587674595652	0.47399288768644887	0.04063079542763172	39031
2.0	262.55919226908406	0.3548609440321417	0.4739928877086617	0.040630795422137704	39285
2.0	262.55919226908406	0.3639631206047183	0.4739928883833891	0.040630795255254225	39533
2.0	262.55919226908406	0.3730652971772948	0.47399288971063075	0.040630794926981316	39777
2.0	296.34062947173834	0.3275544143144123	0.4821234336697294	0.03861982932275009	39236
2.0	296.34062947173834	0.3366565908869888	0.4821234330604437	0.03861982947344758	39502
2.0	296.34062947173834	0.3457587674595652	0.48212343276107594	0.03861982954749161	39762
2.0	296.34062947173834	0.3548609440321417	0.48212343277162617	0.038619829544882175	40017
2.0	296.34062947173834	0.3639631206047183	0.4821234330920943	0.03861982946561928	40268
2.0	296.34062947173834	0.3730652971772948	0.4821234337224804	0.038619829309702924	40514
2.05	205.9022044241649	0.3315244600008093	0.4729191279569999	0.040896373462015766	35131
2.05	205.9022044241649	0.3407854384008417	0.47291912677453496	0.040896373754480374	35374
2.05	205.9022044241649	0.3500464168008741	0.4729191263830228	0.040896373851314914	35612
2.05	205.9022044241649	0.3593073952009065	0.4729191267824636	0.040896373752519345	35846
2.05	205.9022044241649	0.3685683736009388	0.4729191279728572	0.04089637345809371	36075
2.05	232.3846491797113	0.3315244600008093	0.46673133756391966	0.04242682870698763	35808
2.05	232.3846491797113	0.3407854384008417	0.46673125806113813	0.04242684837078379	36053
2.05	232.3846491797113	0.3500464168008741	0.4667312317229849	0.04242685488512286	36293
2.05	232.3846491797113	0.3593073952009065	0.46673125859444425	0.042426848238878684	36528
2.05	232.3846491797113	0.3685683736009388	0.4667313386296216	0.04242682844340257	36759
2.05	262.27317636255333	0.3315244600008093	0.47392406035810647	0.04064781881384351	36483
2.05	262.27317636255333	0.3407854384008417	0.47392405933873066	0.040647819065970515	36730
2.05	262.27317636255333	0.3500464168008741	0.47392405900121704	0.040647819149449343	36973
2.05	262.27317636255333	0.3593073952009065	0.47392405934556575	0.04064781906427996	37210
2.05	262.27317636255333	0.3685683736009388	0.4739240603717767	0.040647818810462394	37443
2.05	296.00586476823344	0.3315244600008093	0.4820428666152799	0.03863975635052919	37158
2.05	296.00586476823344	0.3407854384008417	0.48204286613314	0.03863975646977911	37407
2.05	296.00586476823344	0.3500464168008741	0.4820428659735043	0.03863975650926255	37651
2.05	296.00586476823344	0.3593073952009065	0.4820428661363728	0.03863975646897952	37890
2.05	296.00586476823344	0.3685683736009388	0.48204286662174556	0.03863975634893001	38125
2.1	205.73573575183684	0.3260747254597181	0.472959229118853	0.04088645505340965	33112
2.1	205.73573575183684	0.3354945056872063	0.472959227460172	0.040886455463659016	33345
2.1	205.73573575183684	0.3449142859146946	0.47295922661461065	0.04088645567279567	33574
2.1	205.73573575183684	0.3543340661421829	0.4729592265821693	0.040886455680819535	33797
2.1	205.73573575183684	0.3637538463696712	0.47295922736284807	0.0408864554877306	34016
2.1	205.73573575183684	0.3731736265971594	0.47295922895664655	0.040886455093528944	34231
2.1	232.1892578579815	0.3260747254597181	0.46668971435130285	0.04243712357155402	33740
2.1	232.1892578579815	0.3354945056872063	0.46668951169296846	0.04243717369599119	33975
2.1	232.1892578579815	0.3449142859146946	0.4666894080752591	0.042437199324245646	34205
2.1	232.1892578579815	0.3543340661421829	0.4666894040956501	0.04243720030854103	34430
2.1	232.1892578579815	0.3637538463696712	0.46668949977718394	0.04243717664317811	34651
2.1	232.1892578579815	0.3731736265971594	0.46668969456780807	0.04243712846469866	34868
2.1	262.04417656284045	0.3260747254597181	0.4738689755434369	0.040661443199637784	34367
2.1	262.04417656284045	0.3354945056872063	0.4738689740934349	0.04066144355827357	34604
2.1	262.04417656284045	0.3449142859146946	0.47386897335425393	0.04066144374109868	34836
2.1	262.04417656284045	0.3543340661421829	0.47386897332589406	0.040661443748113056	35063
2.1	262.04417656284045	0.3637538463696712	0.47386897400835537	0.0406614435793167	35285
2.1	262.04417656284045	0.3731736265971594	0.4738689754016376	0.04066144323470966	35503
2.1	295.73784379162515	0.3260747254597181	0.48197837371721247	0.03865570768175415	34994
2.1	295.73784379162515	0.3354945056872063	0.48197837303372043	0.03865570785080545	35232
2.1	295.73784379162515	0.3449142859146946	0.48197837268529037	0.03865570793698429	35466
2.1	295.73784379162515	0.3543340661421829	0.4819783726719223	0.03865570794029068	35694
2.1	295.73784379162515	0.3637538463696712	0.48197837299361623	0.038655707860724614	35918
2.1	295.73784379162515	0.3731736265971594	0.4819783736503721	0.0386557076982861	36138
2.15	232.04006107985305	0.3298859693186593	0.46667555495012825	0.04244062568271433	32052
2.15	232.04006107985305	0.3394645513736034	0.4666753286028092	0.04244068166625929	32272
2.15	232.04006107985305	0.3490431334285476	0.46667524337829897	0.042440702745237466	32488
2.15	232.04006107985305	0.3586217154834917	0.466675300240706	0.042440688681191406	32700
2.15	232.04006107985305	0.3682002975384358	0.46667549854580315	0.04244063963346084	32907
2.15	261.86932203509485	0.3298859693186593	0.4738269413390163	0.04067183971673629	32636
2.15	261.86932203509485	0.3394645513736034	0.4738269401562336	0.04067184000927949	32858
2.15	261.86932203509485	0.3490431334285476	0.47382693971273787	0.04067184011897137	33076
2.15	261.86932203509485	0.3586217154834917	0.47382694000852926	0.0406718400458119	33289
2.15	261.86932203509485	0.3682002975384358	0.4738269410436077	0.040671839789801094	33498
2.15	295.5332001896044	0.3298859693186593	0.48192914334358466	0.03866788406116334	33220
2.15	295.5332001896044	0.3394645513736034	0.481929142787509	0.038667884198700146	33444
2.15	295.5332001896044	0.3490431334285476	0.48192914257900304	0.038667884250270894	33663
2.15	295.5332001896044	0.3586217154834917	0.48192914271806697	0.03866788421587557	33877
2.15	295.5332001896044	0.3682002975384358	0.48192914320470065	0.038667884095514166	34087
