M1	Pi	M2	MWD	Pf	N
1.15	72.5569117903113	0.2274000000000001	0.3398665420375029	0.06719957772407419	5625
1.15	72.5569117903113	0.2372000000000001	0.33986654358330204	0.0671995776771582	5696
1.15	82.12421174908303	0.2274000000000001	0.34109781970881503	0.06716220767362686	5732
1.15	82.12421174908303	0.2372000000000001	0.3410978242858429	0.0671622075347112	5804
1.15	92.95304870333275	0.2274000000000001	0.34095921238210736	0.0671664144930244	5839
1.15	92.95304870333275	0.2372000000000001	0.340959216131471	0.06716641437922886	5912
1.15	105.20976797491912	0.2274000000000001	0.3393817256958012	0.06721429220446248	5946
1.15	105.20976797491912	0.2372000000000001	0.33938172692187757	0.06721429216725029	6020
1.2000000000000002	118.34336712420816	0.2251851851851852	0.3913563831800238	0.04213048259935614	5422
1.2000000000000002	118.34336712420816	0.2348148148148149	0.3913563825007107	0.04213048336993907	5489
1.2000000000000002	118.34336712420816	0.2444444444444445	0.3913563821484741	0.04213048376950069	5554
1.2000000000000002	118.34336712420816	0.2540740740740741	0.39135638212331436	0.04213048379804081	5617
1.2000000000000002	133.90633321208531	0.2251851851851852	0.3900029088402114	0.04366580430427739	5516
1.2000000000000002	133.90633321208531	0.2348148148148149	0.39000290699841716	0.04366580639352769	5584
1.2000000000000002	133.90633321208531	0.2444444444444445	0.39000290604341104	0.04366580747684458	5650
1.2000000000000002	133.90633321208531	0.2540740740740741	0.39000290597519627	0.0436658075542244	5714
1.2000000000000002	151.51593629651003	0.2251851851851852	0.38995266724035066	0.043722796163293255	5610
1.2000000000000002	151.51593629651003	0.2348148148148149	0.38995266527362443	0.043722798394260874	5679
1.2000000000000002	151.51593629651003	0.2444444444444445	0.3899526642538384	0.04372279955106123	5746
1.2000000000000002	151.51593629651003	0.2540740740740741	0.3899526641809965	0.04372279963368989	5811
1.2000000000000002	171.4413232079764	0.2251851851851852	0.3916855340441719	0.04175710834980065	5703
1.2000000000000002	171.4413232079764	0.2348148148148149	0.39168553345525375	0.041757109017843436	5774
1.2000000000000002	171.4413232079764	0.2444444444444445	0.39168553314988874	0.04175710936423606	5842
1.2000000000000002	171.4413232079764	0.2540740740740741	0.39168553312807697	0.04175710938897839	5908
1.2500000000000002	117.6692725248898	0.2276785714285714	0.39141499540519425	0.04206399547150237	4900
1.2500000000000002	117.6692725248898	0.2375	0.39141499481809633	0.04206399613748045	4961
1.2500000000000002	117.6692725248898	0.2473214285714285	0.39141499456218176	0.04206399642777864	5019
1.2500000000000002	117.6692725248898	0.2571428571428571	0.3914149946374508	0.04206399634239681	5076
1.2500000000000002	117.6692725248898	0.2669642857142856	0.3914149950439032	0.04206399588133501	5132
1.2500000000000002	133.10556766006692	0.2276785714285714	0.390072513589336	0.04358684774119144	4984
1.2500000000000002	133.10556766006692	0.2375	0.39007251208632543	0.043586849446140455	5045
1.2500000000000002	133.10556766006692	0.2473214285714285	0.39007251143116617	0.04358685018932429	5105
1.2500000000000002	133.10556766006692	0.2571428571428571	0.39007251162386014	0.04358684997074075	5163
1.2500000000000002	133.10556766006692	0.2669642857142856	0.39007251266440673	0.04358684879039048	5219
1.2500000000000002	150.56685370737782	0.2276785714285714	0.38987008884385316	0.04381646946079941	5067
1.2500000000000002	150.56685370737782	0.2375	0.3898700868785338	0.043816471690171145	5129
1.2500000000000002	150.56685370737782	0.2473214285714285	0.3898700860218543	0.04381647266195065	5190
1.2500000000000002	150.56685370737782	0.2571428571428571	0.38987008627381897	0.043816472376133016	5249
1.2500000000000002	150.56685370737782	0.2669642857142856	0.38987008763442654	0.04381647083271969	5306
1.2500000000000002	170.31877654611628	0.2276785714285714	0.3915878950475821	0.04186786572901463	5150
1.2500000000000002	170.31877654611628	0.2375	0.3915878945032084	0.041867866346528164	5213
1.2500000000000002	170.31877654611628	0.2473214285714285	0.3915878942659173	0.04186786661570078	5275
1.2500000000000002	170.31877654611628	0.2571428571428571	0.3915878943357088	0.04186786653653236	5335
1.2500000000000002	170.31877654611628	0.2669642857142856	0.39158789471258293	0.04186786610902294	5393
1.2500000000000002	192.661830475272	0.2276785714285714	0.39353106143654304	0.03966362332449401	5233
1.2500000000000002	192.661830475272	0.2375	0.3935310611370848	0.03966362366418621	5297
1.2500000000000002	192.661830475272	0.2473214285714285	0.3935310610065517	0.03966362381225718	5360
1.2500000000000002	192.661830475272	0.2571428571428571	0.39353106104494384	0.03966362376870689	5421
1.2500000000000002	192.661830475272	0.2669642857142856	0.39353106125226106	0.039663623533535364	5480
1.3	117.05438758190677	0.2256666666666668	0.3914684676051278	0.04200333896198978	4444
1.3	117.05438758190677	0.2353333333333334	0.39146846697327603	0.04200333967873466	4498
1.3	117.05438758190677	0.2450000000000001	0.3914684666546498	0.04200334004017019	4550
1.3	117.05438758190677	0.2546666666666668	0.3914684666492494	0.04200334004629621	4601
1.3	117.05438758190677	0.2643333333333335	0.39146846695707466	0.042003339697112736	4651
1.3	117.05438758190677	0.2740000000000001	0.3914684675781256	0.0420033389926199	4699
1.3	117.05438758190677	0.2836666666666668	0.38033898343597594	0.08960130103299467	4746
1.3	132.37533798555577	0.2256666666666668	0.3901360106863609	0.04351481942976049	4518
1.3	132.37533798555577	0.2353333333333334	0.3901360091433699	0.04351482118006154	4573
1.3	132.37533798555577	0.2450000000000001	0.39013600836527945	0.04351482206269309	4626
1.3	132.37533798555577	0.2546666666666668	0.39013600835209145	0.043514822077652955	4678
1.3	132.37533798555577	0.2643333333333335	0.390136009103806	0.04351482122494109	4728
1.3	132.37533798555577	0.2740000000000001	0.39013601062042114	0.04351481950455961	4777
1.3	132.37533798555577	0.2836666666666668	0.37969936787637987	0.08814967333516599	4825
1.3	149.70160853243186	0.2256666666666668	0.3897948253488755	0.04390184505605702	4592
1.3	149.70160853243186	0.2353333333333334	0.3897948229026399	0.043901847830959004	4647
1.3	149.70160853243186	0.2450000000000001	0.3897948216690642	0.04390184923027297	4702
1.3	149.70160853243186	0.2546666666666668	0.3897948216481561	0.043901849253990176	4754
1.3	149.70160853243186	0.2643333333333335	0.3897948228399158	0.04390184790211049	4806
1.3	149.70160853243186	0.2740000000000001	0.38979482524433573	0.04390184517464234	4856
1.3	149.70160853243186	0.2836666666666668	0.3795355893577149	0.0877779728184469	4904
1.3	169.29567046425822	0.2256666666666668	0.3914989120326491	0.04196880414371334	4666
1.3	169.29567046425822	0.2353333333333334	0.39149891140920867	0.041968804850916634	4722
1.3	169.29567046425822	0.2450000000000001	0.39149891109482415	0.041968805207540594	4777
1.3	169.29567046425822	0.2546666666666668	0.39149891108949564	0.04196880521358507	4831
1.3	169.29567046425822	0.2643333333333335	0.391498911393223	0.04196880486905006	4883
1.3	169.29567046425822	0.2740000000000001	0.3914989120060063	0.0419688041739357	4934
1.3	169.29567046425822	0.2836666666666668	0.3803535975840384	0.08963446830322336	4983
1.3	191.45434921451425	0.2256666666666668	0.39342604506831347	0.039782749269310344	4739
1.3	191.45434921451425	0.2353333333333334	0.39342604472997883	0.03978274965310228	4797
1.3	191.45434921451425	0.2450000000000001	0.3934260445593656	0.039782749846638404	4853
1.3	191.45434921451425	0.2546666666666668	0.39342604455647384	0.039782749849918676	4907
1.3	191.45434921451425	0.2643333333333335	0.39342604472130355	0.0397827496629431	4960
1.3	191.45434921451425	0.2740000000000001	0.39342604505385476	0.039782749285711703	5012
1.3	191.45434921451425	0.2836666666666668	0.38127867342526717	0.09173395711892363	5062
1.35	116.49405208816545	0.2334375	0.3915172033699515	0.04194805525594621	4102
1.35	116.49405208816545	0.24296875	0.3915172030010243	0.041948055674440925	4149
1.35	116.49405208816545	0.2524999999999999	0.3915172029301708	0.041948055754814084	4195
1.35	116.49405208816545	0.26203125	0.3915172031573908	0.04194805549706567	4240
1.35	116.49405208816545	0.2715625	0.3915172036826844	0.041948054901195776	4283
1.35	116.49405208816545	0.2810937499999999	0.380362378241949	0.08965439628345617	4326
1.35	116.49405208816545	0.290625	0.38036237802966966	0.08965439580168143	4367
1.35	116.49405208816545	0.30015625	0.3803623779604736	0.0896543956446388	4408
1.35	131.710057535919	0.2334375	0.390193878184903	0.04344917708700765	4169
1.35	131.710057535919	0.24296875	0.39019387731876215	0.04344917806951968	4217
1.35	131.710057535919	0.2524999999999999	0.3901938771524171	0.043449178258214136	4264
1.35	131.710057535919	0.26203125	0.3901938776858683	0.043449177653090636	4309
1.35	131.710057535919	0.2715625	0.39019387891911445	0.04344917625415046	4353
1.35	131.710057535919	0.2810937499999999	0.37972714662596657	0.08821271808400946	4396
1.35	131.710057535919	0.290625	0.3797271461275923	0.0882127169529333	4439
1.35	131.710057535919	0.30015625	0.3797271459651387	0.08821271658423971	4480
1.35	148.91351914676355	0.2334375	0.38972630201551645	0.04397957490870742	4236
1.35	148.91351914676355	0.24296875	0.3897263003619478	0.04397957678444294	4285
1.35	148.91351914676355	0.2524999999999999	0.38972630004437436	0.04397957714468423	4332
1.35	148.91351914676355	0.26203125	0.3897263010627987	0.04397957598942848	4378
1.35	148.91351914676355	0.2715625	0.38972630341721287	0.043979573318684684	4423
1.35	148.91351914676355	0.2810937499999999	0.379502697620251	0.08770332398225782	4467
1.35	148.91351914676355	0.290625	0.3795026966687942	0.08770332182289657	4510
1.35	148.91351914676355	0.30015625	0.37950269635865	0.08770332111901459	4552
1.35	168.3640308077919	0.2334375	0.3914178913951372	0.042060710388005844	4303
1.35	168.3640308077919	0.24296875	0.39141789100960067	0.04206071082534158	4352
1.35	168.3640308077919	0.2524999999999999	0.3914178909355572	0.04206071090933322	4400
1.35	168.3640308077919	0.26203125	0.3914178911730069	0.04206071063998073	4447
1.35	168.3640308077919	0.2715625	0.3914178917219497	0.04206071001728422	4493
1.35	168.3640308077919	0.2810937499999999	0.3803147058241469	0.08954620222678294	4538
1.35	168.3640308077919	0.290625	0.3803147056023105	0.08954620172331824	4581
1.35	168.3640308077919	0.30015625	0.3803147055299992	0.08954620155920541	4623
1.35	190.3550935621224	0.2334375	0.3933304451581238	0.03989119359868201	4370
1.35	190.3550935621224	0.24296875	0.3933304449516249	0.03989119383292531	4420
1.35	190.3550935621224	0.2524999999999999	0.3933304449119661	0.03989119387791244	4469
1.35	190.3550935621224	0.26203125	0.3933304450391476	0.03989119373364338	4516
1.35	190.3550935621224	0.2715625	0.39333044533316924	0.03989119340011816	4563
1.35	190.3550935621224	0.2810937499999999	0.38123278307223757	0.09162980751449101	4608
1.35	190.3550935621224	0.290625	0.38123278295341884	0.09162980724482808	4652
1.35	190.3550935621224	0.30015625	0.3812327829146878	0.0916298071569269	4695
1.4	115.98311311086364	0.2260606060606059	0.3915616520421764	0.0418976346390091	3717
1.4	115.98311311086364	0.2357575757575756	0.3915616514462506	0.04189763531500109	3762
1.4	115.98311311086364	0.2454545454545453	0.3915616511530172	0.04189763564763214	3805
1.4	115.98311311086364	0.255151515151515	0.3915616511624764	0.0418976356369021	3847
1.4	115.98311311086364	0.2648484848484847	0.39156165147462807	0.04189763528281099	3888
1.4	115.98311311086364	0.2745454545454544	0.39156165208947213	0.041897634585358945	3928
1.4	115.98311311086364	0.284242424242424	0.38038371448448144	0.08970281955922388	3967
1.4	115.98311311086364	0.2939393939393938	0.3803837143210183	0.08970281918823916	4005
1.4	115.98311311086364	0.3036363636363634	0.3803837143028557	0.08970281914701864	4042
1.4	115.98311311086364	0.3133333333333331	0.38038371442999375	0.08970281943556231	4078
1.4	131.10356448088388	0.2260606060606059	0.39024665266089137	0.04338931204482143	3776
1.4	131.10356448088388	0.2357575757575756	0.3902466513075798	0.04338931357995848	3822
1.4	131.10356448088388	0.2454545454545453	0.3902466506416639	0.04338931433534412	3866
1.4	131.10356448088388	0.255151515151515	0.3902466506631451	0.04338931431097683	3909
1.4	131.10356448088388	0.2648484848484847	0.39024665137202325	0.043389313506856673	3950
1.4	131.10356448088388	0.2745454545454544	0.39024665276829695	0.043389311922985244	3991
1.4	131.10356448088388	0.284242424242424	0.37975247907122067	0.08827021086796824	4030
1.4	131.10356448088388	0.2939393939393938	0.3797524787000055	0.08827021002548371	4069
1.4	131.10356448088388	0.3036363636363634	0.37975247865875933	0.08827020993187429	4107
1.4	131.10356448088388	0.3133333333333331	0.3797524789474823	0.08827021058714014	4143
1.4	148.19523427659504	0.2260606060606059	0.389663901090229	0.04405035977117788	3836
1.4	148.19523427659504	0.2357575757575756	0.3896638979917976	0.04405036328590208	3882
1.4	148.19523427659504	0.2454545454545453	0.3896638964671648	0.044050365015378394	3927
1.4	148.19523427659504	0.255151515151515	0.38966389651634664	0.04405036495958874	3970
1.4	148.19523427659504	0.2648484848484847	0.38966389813934244	0.04405036311853371	4012
1.4	148.19523427659504	0.2745454545454544	0.3896639013361354	0.044050359492232544	4054
1.4	148.19523427659504	0.284242424242424	0.3794727418985235	0.08763533852643876	4094
1.4	148.19523427659504	0.2939393939393938	0.3794727410486165	0.08763533659754802	4133
1.4	148.19523427659504	0.3036363636363634	0.3794727409541822	0.08763533638322636	4171
1.4	148.19523427659504	0.3133333333333331	0.37947274161522154	0.08763533788347602	4209
1.4	167.51510570482716	0.2260606060606059	0.39134407463782106	0.042144444867752345	3896
1.4	167.51510570482716	0.2357575757575756	0.3913440739810817	0.042144445612728586	3942
1.4	167.51510570482716	0.2454545454545453	0.3913440736579241	0.04214444597930428	3988
1.4	167.51510570482716	0.255151515151515	0.39134407366834856	0.04214444596747926	4032
1.4	167.51510570482716	0.2648484848484847	0.391344074012355	0.04214444557725352	4075
1.4	167.51510570482716	0.2745454545454544	0.39134407468994326	0.04214444480862725	4117
1.4	167.51510570482716	0.284242424242424	0.38027927144900037	0.08946578279413123	4157
1.4	167.51510570482716	0.2939393939393938	0.380279271268856	0.08946578238528789	4197
1.4	167.51510570482716	0.3036363636363634	0.38027927124884	0.08946578233986086	4236
1.4	167.51510570482716	0.3133333333333331	0.3802792713889523	0.08946578265785013	4274
1.4	189.3536642813032	0.2260606060606059	0.39324335853236453	0.039989980832989734	3955
1.4	189.3536642813032	0.2357575757575756	0.39324335818503203	0.03998998122698847	4003
1.4	189.3536642813032	0.2454545454545453	0.39324335801412236	0.039989981420860875	4049
1.4	189.3536642813032	0.255151515151515	0.39324335801963556	0.039989981414606926	4093
1.4	189.3536642813032	0.2648484848484847	0.39324335820157164	0.039989981208226624	4137
1.4	189.3536642813032	0.2745454545454544	0.39324335855993064	0.03998998080172	4179
1.4	189.3536642813032	0.284242424242424	0.3811909789651589	0.09153493177419991	4221
1.4	189.3536642813032	0.2939393939393938	0.38119097886988523	0.09153493155797325	4261
1.4	189.3536642813032	0.3036363636363634	0.38119097885929926	0.09153493153394807	4301
1.4	189.3536642813032	0.3133333333333331	0.38119097893340104	0.09153493170212436	4339
1.4500000000000002	115.51755154456384	0.2339999999999999	0.39160216077680404	0.04185168331382825	3465
1.4500000000000002	115.51755154456384	0.2435714285714286	0.39160216043713625	0.04185168369913245	3504
1.4500000000000002	115.51755154456384	0.2531428571428572	0.391602160387376	0.041851683755578295	3542
1.4500000000000002	115.51755154456384	0.2627142857142857	0.3916021606275233	0.04185168348316576	3579
1.4500000000000002	115.51755154456384	0.2722857142857143	0.39160216115757807	0.04185168288189494	3616
1.4500000000000002	115.51755154456384	0.2818571428571429	0.38040316007384756	0.08974695193796442	3651
1.4500000000000002	115.51755154456384	0.2914285714285715	0.38040315987964185	0.08974695149720853	3686
1.4500000000000002	115.51755154456384	0.301	0.3804031598245996	0.08974695137228839	3719
1.4500000000000002	115.51755154456384	0.3105714285714286	0.3804031599087208	0.08974695156320406	3752
1.4500000000000002	115.51755154456384	0.3201428571428572	0.38040316013200537	0.08974695206995548	3785
1.4500000000000002	130.5510514590151	0.2339999999999999	0.39029474538673875	0.04333475777388299	3519
1.4500000000000002	130.5510514590151	0.2435714285714286	0.3902947446369276	0.043334758624435775	3559
1.4500000000000002	130.5510514590151	0.2531428571428572	0.3902947445270826	0.0433347587490391	3598
1.4500000000000002	130.5510514590151	0.2627142857142857	0.390294745057204	0.04333475814769274	3636
1.4500000000000002	130.5510514590151	0.2722857142857143	0.3902947462272908	0.04333475682039775	3673
1.4500000000000002	130.5510514590151	0.2818571428571429	0.3797755655665147	0.08832260639761397	3709
1.4500000000000002	130.5510514590151	0.2914285714285715	0.3797755651378089	0.08832260542465258	3744
1.4500000000000002	130.5510514590151	0.301	0.379775565016304	0.08832260514889333	3778
1.4500000000000002	130.5510514590151	0.3105714285714286	0.3797755652020002	0.08832260557033668	3811
1.4500000000000002	130.5510514590151	0.3201428571428572	0.3797755656948972	0.08832260668898193	3844
1.4500000000000002	147.54101700709464	0.2339999999999999	0.38960713337736097	0.04411475456547974	3574
1.4500000000000002	147.54101700709464	0.2435714285714286	0.38960713132277264	0.044114756896114285	3614
1.4500000000000002	147.54101700709464	0.2531428571428572	0.38960713102178113	0.04411475723754584	3654
1.4500000000000002	147.54101700709464	0.2627142857142857	0.3896071324743904	0.04411475558976986	3692
1.4500000000000002	147.54101700709464	0.2722857142857143	0.3896071356805811	0.044114751952808284	3730
1.4500000000000002	147.54101700709464	0.2818571428571429	0.3794454935093864	0.08757349744737301	3766
1.4500000000000002	147.54101700709464	0.2914285714285715	0.3794454923346733	0.0875734947813246	3802
1.4500000000000002	147.54101700709464	0.301	0.3794454920017319	0.08757349402570361	3836
1.4500000000000002	147.54101700709464	0.3105714285714286	0.37944549251056664	0.08757349518052007	3870
1.4500000000000002	147.54101700709464	0.3201428571428572	0.3794454938611707	0.08757349824575864	3904
1.4500000000000002	166.74206340131775	0.2339999999999999	0.39127686631012093	0.042220683035875825	3628
1.4500000000000002	166.74206340131775	0.2435714285714286	0.39127686591694305	0.04222068348187956	3669
1.4500000000000002	166.74206340131775	0.2531428571428572	0.3912768658593437	0.04222068354721769	3709
1.4500000000000002	166.74206340131775	0.2627142857142857	0.39127686613732304	0.04222068323189019	3748
1.4500000000000002	166.74206340131775	0.2722857142857143	0.39127686675088086	0.04222068253589722	3786
1.4500000000000002	166.74206340131775	0.2818571428571429	0.3802470099837622	0.08939256438064888	3823
1.4500000000000002	166.74206340131775	0.2914285714285715	0.38024700975896203	0.08939256387045778	3860
1.4500000000000002	166.74206340131775	0.301	0.3802470096952486	0.08939256372585815	3895
1.4500000000000002	166.74206340131775	0.3105714285714286	0.380247009792622	0.08939256394685004	3929
1.4500000000000002	166.74206340131775	0.3201428571428572	0.3802470100510821	0.08939256453343336	3963
1.4500000000000002	188.4419415788092	0.2339999999999999	0.3931640781461907	0.04007991301277831	3682
1.4500000000000002	188.4419415788092	0.2435714285714286	0.3931640779407639	0.0400799132458054	3724
1.4500000000000002	188.4419415788092	0.2531428571428572	0.39316407791066954	0.040079913279943126	3765
1.4500000000000002	188.4419415788092	0.2627142857142857	0.3931640780559076	0.04007991311519149	3805
1.4500000000000002	188.4419415788092	0.2722857142857143	0.39316407837647804	0.0400799127515505	3843
1.4500000000000002	188.4419415788092	0.2818571428571429	0.3811529224259458	0.09144856125744731	3881
1.4500000000000002	188.4419415788092	0.2914285714285715	0.3811529223084926	0.09144856099088373	3918
1.4500000000000002	188.4419415788092	0.301	0.38115292227520375	0.09144856091533363	3953
1.4500000000000002	188.4419415788092	0.3105714285714286	0.3811529223260792	0.091448561030797	3989
1.4500000000000002	188.4419415788092	0.3201428571428572	0.38115292246111887	0.09144856133727385	4023
1.5000000000000002	115.09381198485028	0.2324324324324325	0.3916390400802443	0.0418098490556021	3206
1.5000000000000002	115.09381198485028	0.241891891891892	0.39163903970178915	0.041809849484904966	3242
1.5000000000000002	115.09381198485028	0.2513513513513515	0.39163903960219565	0.04180984959787941	3277
1.5000000000000002	115.09381198485028	0.260810810810811	0.3916390397814639	0.04180984939452541	3311
1.5000000000000002	115.09381198485028	0.2702702702702704	0.3916390402395938	0.04180984887484302	3345
1.5000000000000002	115.09381198485028	0.2797297297297299	0.3804208631529749	0.08978712963472717	3377
1.5000000000000002	115.09381198485028	0.2891891891891893	0.38042086293306027	0.08978712913562385	3409
1.5000000000000002	115.09381198485028	0.2986486486486488	0.38042086284700666	0.08978712894032254	3439
1.5000000000000002	115.09381198485028	0.3081081081081083	0.3804208628948142	0.08978712904882327	3470
1.5000000000000002	115.09381198485028	0.3175675675675677	0.3804208630764829	0.08978712946112602	3499
1.5000000000000002	130.04826817088951	0.2324324324324325	0.39033852813604586	0.04328509255058688	3256
1.5000000000000002	130.04826817088951	0.241891891891892	0.39033852732069174	0.04328509347548873	3292
1.5000000000000002	130.04826817088951	0.2513513513513515	0.39033852710612477	0.04328509371888406	3328
1.5000000000000002	130.04826817088951	0.260810810810811	0.3903385274923453	0.04328509328077249	3363
1.5000000000000002	130.04826817088951	0.2702702702702704	0.39033852847935274	0.043285092161154726	3396
1.5000000000000002	130.04826817088951	0.2797297297297299	0.37979658250666004	0.08837030500653743	3429
1.5000000000000002	130.04826817088951	0.2891891891891893	0.3797965820328699	0.08837030393125578	3461
1.5000000000000002	130.04826817088951	0.2986486486486488	0.37979658184747367	0.08837030351049315	3493
1.5000000000000002	130.04826817088951	0.3081081081081083	0.3797965819504716	0.08837030374425019	3523
1.5000000000000002	130.04826817088951	0.3175675675675677	0.37979658234186353	0.08837030463252653	3553
1.5000000000000002	146.94579806318126	0.2324324324324325	0.389555593452778	0.04417321918690228	3305
1.5000000000000002	146.94579806318126	0.241891891891892	0.38955559077957763	0.04417322221926309	3342
1.5000000000000002	146.94579806318126	0.2513513513513515	0.3895555900761004	0.0441732230172567	3379
1.5000000000000002	146.94579806318126	0.260810810810811	0.3895555913423584	0.04417322158086938	3414
1.5000000000000002	146.94579806318126	0.2702702702702704	0.38955559457832983	0.04417321791012583	3448
1.5000000000000002	146.94579806318126	0.2797297297297299	0.3794207531626318	0.08751734844964458	3481
1.5000000000000002	146.94579806318126	0.2891891891891893	0.3794207516092784	0.08751734492426005	3514
1.5000000000000002	146.94579806318126	0.2986486486486488	0.3794207510014405	0.08751734354475271	3546
1.5000000000000002	146.94579806318126	0.3081081081081083	0.3794207513391285	0.0875173443111463	3577
1.5000000000000002	146.94579806318126	0.3175675675675677	0.37942075262233665	0.08751734722342763	3607
1.5000000000000002	166.03887058342812	0.2324324324324325	0.3912157442476686	0.04229001721264766	3355
1.5000000000000002	166.03887058342812	0.241891891891892	0.39121574378926444	0.04229001773264113	3393
1.5000000000000002	166.03887058342812	0.2513513513513515	0.39121574366863177	0.04229001786948153	3429
1.5000000000000002	166.03887058342812	0.260810810810811	0.3912157438857706	0.04229001762316881	3465
1.5000000000000002	166.03887058342812	0.2702702702702704	0.3912157444406808	0.042290016993703085	3500
1.5000000000000002	166.03887058342812	0.2797297297297299	0.3802176697771005	0.08932597585569635	3533
1.5000000000000002	166.03887058342812	0.2891891891891893	0.38021766951072866	0.08932597525115706	3566
1.5000000000000002	166.03887058342812	0.2986486486486488	0.3802176694064962	0.08932597501459816	3599
1.5000000000000002	166.03887058342812	0.3081081081081083	0.3802176694644031	0.08932597514601977	3630
1.5000000000000002	166.03887058342812	0.3175675675675677	0.3802176696844494	0.08932597564542183	3661
1.5000000000000002	187.61275863612488	0.2324324324324325	0.3930919818738452	0.040161695850117723	3404
1.5000000000000002	187.61275863612488	0.241891891891892	0.3930919816371101	0.040161696118659614	3443
1.5000000000000002	187.61275863612488	0.2513513513513515	0.3930919815748114	0.040161696189328536	3480
1.5000000000000002	187.61275863612488	0.260810810810811	0.3930919816869491	0.040161696062124476	3516
1.5000000000000002	187.61275863612488	0.2702702702702704	0.39309198197352313	0.040161695737047455	3551
1.5000000000000002	187.61275863612488	0.2797297297297299	0.3811183142890932	0.09137001699867857	3586
1.5000000000000002	187.61275863612488	0.2891891891891893	0.3811183141515299	0.09137001668647439	3619
1.5000000000000002	187.61275863612488	0.2986486486486488	0.3811183140977008	0.09137001656430753	3652
1.5000000000000002	187.61275863612488	0.3081081081081083	0.3811183141276059	0.091370016632178	3684
1.5000000000000002	187.61275863612488	0.3175675675675677	0.3811183142412451	0.09137001689008581	3715
1.55	114.70873606665988	0.2344736842105262	0.3381584206253554	0.06725142028146748	2975
1.55	114.70873606665988	0.2440789473684209	0.3381584211037525	0.06725142026694783	3009
1.55	114.70873606665988	0.2536842105263157	0.33815842115364664	0.0672514202654335	3041
1.55	114.70873606665988	0.2632894736842104	0.3381584207750379	0.06725142027692452	3073
1.55	114.70873606665988	0.2728947368421051	0.33815841996792634	0.06725142030142087	3103
1.55	114.70873606665988	0.2824999999999998	0.3381584187323123	0.06725142033892252	3133
1.55	114.70873606665988	0.2921052631578946	0.3381584170681961	0.0672514203894295	3163
1.55	114.70873606665988	0.3017105263157893	0.3381584149755785	0.06725142045294176	3191
1.55	114.70873606665988	0.311315789473684	0.33815841245446016	0.06725142052945927	3219
1.55	114.70873606665988	0.3209210526315787	0.33815840950484205	0.06725142061898204	3246
1.55	129.5914410372836	0.2344736842105262	0.39037832638099046	0.04323994717362346	3020
1.55	129.5914410372836	0.2440789473684209	0.3903783257130104	0.04323994793135059	3054
1.55	129.5914410372836	0.2536842105263157	0.3903783256433438	0.043239948010377366	3087
1.55	129.5914410372836	0.2632894736842104	0.3903783261719906	0.04323994741070368	3119
1.55	129.5914410372836	0.2728947368421051	0.3903783272989501	0.04323994613233044	3151
1.55	129.5914410372836	0.2824999999999998	0.3798156866720066	0.08841366251269084	3181
1.55	129.5914410372836	0.2921052631578946	0.37981568629234325	0.08841366165103282	3211
1.55	129.5914410372836	0.3017105263157893	0.3798156861998863	0.0884136614411989	3240
1.55	129.5914410372836	0.311315789473684	0.379815686394636	0.08841366188318943	3268
1.55	129.5914410372836	0.3209210526315787	0.37981568687659195	0.08841366297700372	3296
1.55	146.40507921175603	0.2344736842105262	0.38950892352355504	0.044226159499987976	3066
1.55	146.40507921175603	0.2440789473684209	0.3895089208997954	0.04422616247626542	3100
1.55	146.40507921175603	0.2536842105263157	0.38950892062615045	0.04422616278667624	3133
1.55	146.40507921175603	0.2632894736842104	0.3895089227026266	0.04422616043121306	3166
1.55	146.40507921175603	0.2728947368421051	0.3895089271291747	0.044226155409931814	3198
1.55	146.40507921175603	0.2824999999999998	0.37939835019876794	0.08746650421615103	3229
1.55	146.40507921175603	0.2921052631578946	0.3793983487074904	0.08746650083164956	3259
1.55	146.40507921175603	0.3017105263157893	0.3793983483443272	0.08746650000743918	3288
1.55	146.40507921175603	0.311315789473684	0.37939834910928694	0.08746650174353945	3317
1.55	146.40507921175603	0.3209210526315787	0.3793983510023515	0.08746650603990916	3345
1.55	165.4001764887686	0.2344736842105262	0.39116024293288415	0.04235297546071611	3111
1.55	165.4001764887686	0.2440789473684209	0.3911602425329922	0.04235297591433595	3146
1.55	165.4001764887686	0.2536842105263157	0.39116024249128567	0.04235297596164599	3180
1.55	165.4001764887686	0.2632894736842104	0.39116024280776457	0.04235297560264623	3213
1.55	165.4001764887686	0.2728947368421051	0.3911602434824288	0.042352974837336854	3245
1.55	165.4001764887686	0.2824999999999998	0.38019102762035334	0.08926551064017145	3276
1.55	165.4001764887686	0.2921052631578946	0.3801910273930646	0.08926551012433245	3307
1.55	165.4001764887686	0.3017105263157893	0.3801910273377145	0.0892655099987136	3337
1.55	165.4001764887686	0.311315789473684	0.380191027454303	0.08926551026331499	3366
1.55	165.4001764887686	0.3209210526315787	0.38019102774283015	0.08926551091813645	3394
1.55	186.8597628566364	0.2344736842105262	0.39302651697715146	0.04023595634686141	3156
1.55	186.8597628566364	0.2440789473684209	0.3930265167729082	0.04023595657854605	3191
1.55	186.8597628566364	0.2536842105263157	0.3930265167516067	0.040235956602709476	3226
1.55	186.8597628566364	0.2632894736842104	0.39302651691324714	0.040235956419351696	3259
1.55	186.8597628566364	0.2728947368421051	0.3930265172578294	0.04023595602847273	3292
1.55	186.8597628566364	0.2824999999999998	0.38108688935996066	0.09129869713028779	3324
1.55	186.8597628566364	0.2921052631578946	0.3810868892438738	0.09129869686682494	3355
1.55	186.8597628566364	0.3017105263157893	0.3810868892156039	0.0912986968026656	3385
1.55	186.8597628566364	0.311315789473684	0.38108688927515105	0.09129869693780976	3415
1.55	186.8597628566364	0.3209210526315787	0.38108688942251523	0.09129869727225741	3444
1.6	114.35950717960834	0.2338845360459197	0.3382032282436075	0.06725006034211868	1987
1.6	114.35950717960834	0.2434477171920568	0.33820322875341424	0.06725006032664574	2009
1.6	114.35950717960834	0.2530108983381939	0.33820322883306136	0.0672500603242284	2031
1.6	114.35950717960834	0.262574079484331	0.33820322848254897	0.06725006033486666	2052
1.6	114.35950717960834	0.2721372606304681	0.33820322770187705	0.06725006035856054	2072
1.6	114.35950717960834	0.2817004417766053	0.338203226491046	0.06725006039531004	2092
1.6	114.35950717960834	0.2912636229227424	0.33820322485005616	0.0672500604451151	2111
1.6	114.35950717960834	0.3008268040688795	0.33820322277890824	0.06725006050797575	2130
1.6	114.35950717960834	0.3103899852150166	0.3382032202776029	0.06725006058389192	2149
1.6	114.35950717960834	0.3199531663611537	0.3382032173461411	0.06725006067286364	2167
1.6	129.17720660530398	0.2338845360459197	0.3904144326792542	0.043198989778438286	2017
1.6	129.17720660530398	0.2434477171920568	0.3904144319974645	0.04319899055183049	2039
1.6	129.17720660530398	0.2530108983381939	0.3904144318909484	0.04319899067265768	2061
1.6	129.17720660530398	0.262574079484331	0.390414432359706	0.04319899014091967	2082
1.6	129.17720660530398	0.2721372606304681	0.3904144334037367	0.04319898895661723	2103
1.6	129.17720660530398	0.2817004417766053	0.3798330186789462	0.08845299804941288	2123
1.6	129.17720660530398	0.2912636229227424	0.3798330182886009	0.0884529971635118	2143
1.6	129.17720660530398	0.3008268040688795	0.3798330181744023	0.08845299690433446	2162
1.6	129.17720660530398	0.3103899852150166	0.3798330183363505	0.08845299727188118	2181
1.6	129.17720660530398	0.3199531663611537	0.3798330187744455	0.08845299826615147	2199
1.6	145.91485323683554	0.2338845360459197	0.3894668315321834	0.04427390680191703	2046
1.6	145.91485323683554	0.2434477171920568	0.38946682831526486	0.044273910451047796	2069
1.6	145.91485323683554	0.2530108983381939	0.38946682781268166	0.04427391102115604	2091
1.6	145.91485323683554	0.262574079484331	0.3894668300244499	0.04427390851222355	2113
1.6	145.91485323683554	0.2721372606304681	0.38946683495049883	0.04427390292433048	2134
1.6	145.91485323683554	0.2817004417766053	0.3793781450469919	0.08742064798655043	2154
1.6	145.91485323683554	0.2912636229227424	0.37937814320521374	0.08742064380657671	2174
1.6	145.91485323683554	0.3008268040688795	0.379378142666382	0.08742064258368101	2194
1.6	145.91485323683554	0.3103899852150166	0.37937814343051385	0.08742064431790242	2213
1.6	145.91485323683554	0.3199531663611537	0.3793781454975849	0.08742064900918549	2231
1.6	164.821216951854	0.2338845360459197	0.3911099490651839	0.04241002661006799	2076
1.6	164.821216951854	0.2434477171920568	0.3911099486332388	0.04241002710004755	2099
1.6	164.821216951854	0.2530108983381939	0.3911099485657559	0.04241002717659712	2122
1.6	164.821216951854	0.262574079484331	0.3911099488627354	0.042410026839716654	2143
1.6	164.821216951854	0.2721372606304681	0.3911099495241771	0.04241002608940635	2165
1.6	164.821216951854	0.2817004417766053	0.38016688522142766	0.08921071870391106	2185
1.6	164.821216951854	0.2912636229227424	0.38016688497412593	0.08921071814265191	2206
1.6	164.821216951854	0.3008268040688795	0.38016688490177586	0.08921071797845116	2225
1.6	164.821216951854	0.3103899852150166	0.3801668850043775	0.0892107182113089	2245
1.6	164.821216951854	0.3199531663611537	0.3801668852819309	0.08921071884122499	2264
1.6	186.1773010414281	0.2338845360459197	0.39296719218001486	0.0403032517849829	2106
1.6	186.1773010414281	0.2434477171920568	0.3929671919617003	0.04030325203262932	2129
1.6	186.1773010414281	0.2530108983381939	0.39296719192759305	0.04030325207131914	2152
1.6	186.1773010414281	0.262574079484331	0.392967192077693	0.04030325190105238	2174
1.6	186.1773010414281	0.2721372606304681	0.3929671924120001	0.040303251521829044	2196
1.6	186.1773010414281	0.2817004417766053	0.38105841186600947	0.09123406655905783	2217
1.6	186.1773010414281	0.2912636229227424	0.38105841174101773	0.09123406627538513	2237
1.6	186.1773010414281	0.3008268040688795	0.38105841170445043	0.09123406619239448	2257
1.6	186.1773010414281	0.3103899852150166	0.38105841175630756	0.09123406631008588	2277
1.6	186.1773010414281	0.3199531663611537	0.3810584118965891	0.09123406662845931	2296
1.65	114.03368917733864	0.2330777780421886	0.3382450076912284	0.06724879230964995	1851
1.65	114.03368917733864	0.2425833336166306	0.33824500824185216	0.06724879229293818	1871
1.65	114.03368917733864	0.2520888891910727	0.3382450083623836	0.06724879228927998	1891
1.65	114.03368917733864	0.2615944447655147	0.33824500805282265	0.06724879229867534	1910
1.65	114.03368917733864	0.2711000003399568	0.3382450073131695	0.06724879232112428	1929
1.65	114.03368917733864	0.2806055559143988	0.33824500614342434	0.06724879235662677	1948
1.65	114.03368917733864	0.2901111114888408	0.33824500454358764	0.06724879240518282	1965
1.65	114.03368917733864	0.2996166670632829	0.33824500251366	0.0672487924667924	1983
1.65	114.03368917733864	0.3091222226377249	0.3382450000536422	0.0672487925414555	2000
1.65	114.03368917733864	0.318627778212167	0.3382449971635351	0.06724879262917205	2017
1.65	128.790797788822	0.2330777780421886	0.3904481303323075	0.04316076464434019	1878
1.65	128.790797788822	0.2425833336166306	0.39044812962450093	0.043160765447244814	1899
1.65	128.790797788822	0.2520888891910727	0.39044812946956214	0.043160765623000516	1919
1.65	128.790797788822	0.2615944447655147	0.39044812986749144	0.043160765171607066	1938
1.65	128.790797788822	0.2711000003399568	0.3904481308182882	0.04316076409306506	1958
1.65	128.790797788822	0.2806055559143988	0.37984919447770876	0.0884897095351889	1976
1.65	128.790797788822	0.2901111114888408	0.37984919406891915	0.08848970860742793	1994
1.65	128.790797788822	0.2996166670632829	0.37984919392552086	0.08848970828198101	2012
1.65	128.790797788822	0.3091222226377249	0.3798491940475141	0.08848970855884856	2029
1.65	128.790797788822	0.318627778212167	0.3798491944348988	0.08848970943803024	2046
1.65	145.45762497682605	0.2330777780421886	0.3894278851934696	0.0443180858139571	1905
1.65	145.45762497682605	0.2425833336166306	0.38942788114086246	0.044318090411056214	1926
1.65	145.45762497682605	0.2520888891910727	0.38942788025373754	0.04431809141737169	1947
1.65	145.45762497682605	0.2615944447655147	0.38942788253213384	0.044318088832859266	1966
1.65	145.45762497682605	0.2711000003399568	0.38942788797595107	0.044318082657632624	1986
1.65	145.45762497682605	0.2806055559143988	0.3793594499757201	0.08737821893231008	2005
1.65	145.45762497682605	0.2901111114888408	0.37935944763517226	0.08737821362036295	2023
1.65	145.45762497682605	0.2996166670632829	0.37935944681412526	0.08737821175697089	2041
1.65	145.45762497682605	0.3091222226377249	0.3793594475126152	0.08737821334221585	2059
1.65	145.45762497682605	0.318627778212167	0.37935944973061136	0.08737821837602812	2076
1.65	164.28130757130282	0.2330777780421886	0.39106306432986604	0.042463210589731064	1932
1.65	164.28130757130282	0.2425833336166306	0.3910630638571949	0.04246321112590837	1954
1.65	164.28130757130282	0.2520888891910727	0.3910630637537273	0.04246321124327748	1974
1.65	164.28130757130282	0.2615944447655147	0.3910630640194632	0.042463210941838324	1995
1.65	164.28130757130282	0.2711000003399568	0.3910630646544026	0.04246321022159108	2014
1.65	164.28130757130282	0.2806055559143988	0.38014437930279643	0.08915964081132384	2033
1.65	164.28130757130282	0.2901111114888408	0.3801443790298079	0.08915964019176778	2052
1.65	164.28130757130282	0.2996166670632829	0.380144378934047	0.08915963997443534	2070
1.65	164.28130757130282	0.3091222226377249	0.38014437901551373	0.08915964015932662	2088
1.65	164.28130757130282	0.318627778212167	0.380144379274208	0.08915964074644155	2105
1.65	185.54096439864688	0.2330777780421886	0.3929118847847375	0.04036599005929981	1960
1.65	185.54096439864688	0.2425833336166306	0.39291188454825765	0.04036599032755214	1981
1.65	185.54096439864688	0.2520888891910727	0.3929118844964922	0.04036599038627252	2002
1.65	185.54096439864688	0.2615944447655147	0.3929118846294413	0.04036599023546093	2023
1.65	185.54096439864688	0.2711000003399568	0.39291188494710483	0.040365989875117414	2042
1.65	185.54096439864688	0.2806055559143988	0.3810318628354728	0.09117381269640652	2062
1.65	185.54096439864688	0.2901111114888408	0.3810318626988952	0.09117381238643935	2081
1.65	185.54096439864688	0.2996166670632829	0.38103186265098554	0.0911738122777068	2099
1.65	185.54096439864688	0.3091222226377249	0.3810318626917438	0.09117381237020887	2117
1.65	185.54096439864688	0.318627778212167	0.3810318628211699	0.09117381266394556	2135
